1;7412
1;1264
1;6801
1264;6801
1264;7412
6801;7412
6;1616
6;1617
6;5741
6;1161
6;13359
6;166
6;938
6;4481
6;975
6;809
6;54
6;1618
6;5150
6;10449
6;807
54;3543
54;4663
54;221
54;572
54;217
54;502
54;899
54;1616
54;1617
54;2059
54;13617
54;2803
54;2805
54;2748
54;218
54;8158
54;1618
54;2637
54;13303
54;220
54;13261
54;6621
54;6623
54;898
54;6254
54;4031
54;166
54;2844
54;4061
54;5208
54;975
54;1356
54;4086
54;7102
54;2577
54;3750
54;782
54;10449
54;4989
54;13616
54;684
54;3189
54;1384
54;2171
54;9279
54;1385
54;9278
54;12818
54;2756
54;2172
54;1613
54;270
54;55
54;633
54;1710
54;1383
54;5741
54;900
54;219
54;2755
54;4481
54;6622
54;407
54;1708
54;1711
54;4307
166;1616
166;1617
166;975
166;1618
166;167
166;168
807;2625
807;2062
807;9082
807;808
807;2233
807;1161
807;13359
807;4089
807;9678
807;938
807;2873
807;809
807;1211
807;2242
807;2822
807;5150
809;2242
809;2822
809;2233
809;1161
809;13359
809;938
809;2873
809;4089
809;5150
938;2625
938;2062
938;1851
938;9082
938;1862
938;1850
938;1161
938;13359
938;9678
938;2822
938;5150
975;14124
975;1616
975;977
975;1617
975;7276
975;2067
975;1618
975;976
975;6769
975;7277
975;2632
975;6770
1161;1258
1161;2625
1161;2062
1161;2479
1161;3040
1161;2025
1161;9082
1161;1255
1161;13359
1161;9678
1161;3041
1161;1211
1161;2822
1161;1256
1161;1257
1161;5150
1616;1617
1616;6769
1616;1618
1616;6770
1617;2632
1617;6769
1617;7276
1617;2067
1617;1618
1617;7277
1617;6770
1618;2632
1618;6769
1618;7276
1618;2067
1618;7277
1618;6770
4481;6621
4481;6623
4481;5741
4481;6622
4481;8158
4481;10449
5150;13359
5741;8158
5741;10449
10;6114
10;6115
6114;6115
6115;9662
6115;9661
6115;9660
13;1626
13;322
13;983
13;12488
13;551
13;9532
13;297
13;730
13;12524
13;449
13;859
13;11317
13;447
13;1633
13;886
13;12523
13;212
13;13314
13;2242
13;323
13;1625
13;448
13;831
13;3515
212;730
297;2242
297;3821
297;4246
297;983
297;323
297;12488
297;886
297;448
297;1751
297;831
322;859
322;323
322;1633
322;3515
323;2907
323;455
323;557
323;983
323;12488
323;448
323;886
323;831
447;449
447;3375
447;3376
447;2653
447;1654
447;448
447;730
447;886
447;2790
447;830
447;831
447;3515
448;449
448;12488
448;831
449;831
551;3930
551;3346
551;4106
551;13314
551;13142
551;13285
551;6112
551;3515
551;578
551;9057
730;1747
730;1078
730;1353
730;2275
730;2790
730;12729
730;14079
730;1543
730;886
730;12523
730;12410
730;12392
730;12391
730;10900
730;4927
730;1751
730;745
730;9625
730;1738
730;885
730;12760
730;6287
730;2242
730;12517
730;1228
730;1743
730;1542
730;887
730;12516
730;1077
730;12524
730;12451
730;1545
831;12729
831;1543
831;1542
831;12488
831;2790
831;3515
859;860
859;4394
859;901
859;1633
886;2242
886;983
886;887
886;2790
886;3821
1625;1626
1626;3515
1633;2242
1633;4240
1633;11317
1633;9532
1633;2273
1633;2275
1633;3515
2242;3821
2242;4156
2242;4089
2242;9532
2242;2873
2242;3967
3515;13314
12523;12524
14;3454
14;62
14;1360
14;12960
14;13211
14;61
14;1572
14;60
60;1192
60;1027
60;1851
60;395
60;13211
60;1862
60;1850
60;945
60;62
60;63
60;1413
60;1298
60;112
60;397
60;111
60;938
60;61
60;1861
60;2021
60;423
60;1768
61;1192
61;1027
61;13433
61;1851
61;395
61;13211
61;1731
61;1862
61;1850
61;945
61;62
61;1401
61;3782
61;63
61;1413
61;1298
61;112
61;397
61;111
61;938
61;1861
61;2021
61;423
61;1768
62;1192
62;1027
62;13433
62;1851
62;8150
62;395
62;13211
62;1558
62;808
62;1862
62;7420
62;1850
62;945
62;1401
62;4138
62;3782
62;63
62;1413
62;1298
62;3084
62;8474
62;112
62;2251
62;111
62;938
62;1861
62;2021
62;5988
62;12569
62;12315
62;634
62;423
62;4140
62;7421
62;1768
62;5867
62;5987
1360;5682
1360;3348
1360;13033
1360;13301
1360;12960
1360;1361
1572;3454
3454;6355
12960;13033
12960;13301
17;133
19;11133
19;2388
19;21
19;2161
19;10312
19;6334
19;8985
19;11131
19;11132
19;8986
19;20
19;8984
20;21
2161;11133
2161;2388
2161;10312
2161;6334
2161;8985
2161;11131
2161;11132
2161;8986
2161;8984
2388;11133
2388;6334
2388;11131
2388;11132
6334;11133
6334;8985
6334;11131
6334;11132
6334;8986
6334;8984
8984;8985
8984;8986
8985;8986
11131;11133
11131;11132
11132;11133
24;270
24;7416
24;7498
24;9308
24;7497
24;3750
24;7441
24;5268
270;4835
270;7416
270;9308
270;2776
270;2059
270;7032
270;11997
270;2748
270;4836
270;8611
270;12860
270;13373
270;868
270;4834
270;271
270;7135
270;5208
270;4086
270;4154
270;298
270;3750
270;273
270;2754
270;5196
270;6339
270;272
270;6439
270;8612
270;2747
270;7459
270;1704
270;13109
270;1613
270;5268
270;6338
270;11957
270;4087
270;2755
270;2058
270;2057
270;13375
270;2746
270;4375
270;7033
3750;4835
3750;7416
3750;9308
3750;11997
3750;4836
3750;8611
3750;4834
3750;3989
3750;5208
3750;4086
3750;5196
3750;6339
3750;6439
3750;9833
3750;8612
3750;5268
3750;6338
3750;11957
3750;4307
5268;7416
5268;9308
7416;9308
7497;7498
26;3874
26;1531
1531;9131
1531;9133
1531;13448
1531;13520
1531;2331
1531;3874
1531;1829
1531;13519
1531;2330
1531;2326
1531;9132
1531;1533
1531;2332
1531;2328
1531;1534
1531;2329
1531;2327
1531;5531
1531;1532
3874;13448
36;1747
36;38
36;1745
36;1743
36;1746
36;37
36;12760
37;1076
37;1747
37;12788
37;12411
37;6686
37;12451
37;168
37;730
37;13084
37;12664
37;260
37;1638
37;12410
37;12392
37;2394
37;12391
37;1511
37;9625
37;4927
37;745
37;202
37;6751
37;1738
37;12760
37;12517
37;1710
37;38
37;1228
37;1743
37;12663
37;12516
37;1304
37;5150
37;2235
38;270
38;1747
38;476
38;6439
38;1228
38;1743
38;1745
38;1746
38;6440
38;1738
38;202
38;3750
38;730
38;12760
38;12392
1743;1747
1743;1746
1743;12760
1743;12392
1745;1747
1746;1747
1747;12392
168;1076
202;12664
202;1228
202;1743
202;12663
202;1738
202;730
202;12760
202;12392
260;424
260;497
260;269
260;1308
260;2210
260;2149
260;1263
260;10514
260;3699
260;5160
260;1731
260;481
260;1376
260;6299
260;2208
260;1362
260;1045
260;1356
260;2350
260;543
260;936
260;665
260;4840
260;1909
260;9531
260;1967
260;684
260;1309
260;2041
260;4629
260;1116
260;420
260;479
260;5621
260;3285
260;1150
260;1611
260;881
745;12391
745;14388
745;12968
745;4156
745;13326
745;4152
745;12967
745;13327
745;12392
1076;12788
1076;12411
1076;2275
1076;2273
1076;12392
1076;2475
1076;2441
1076;13093
1076;13146
1076;2235
1228;2440
1228;1743
1228;2441
1228;1738
1228;12760
1228;1229
1228;12392
1304;2841
1304;12330
1304;13084
1638;6751
1638;6686
1710;1712
1710;5150
1710;1711
1738;1743
1738;12760
1738;12392
2235;12788
2235;2236
2235;12411
2235;12392
2394;6324
4927;13563
4927;12410
4927;13564
4927;13565
6686;7255
6686;8583
6686;6751
6751;7255
12391;12517
12391;12516
12391;12392
12392;12788
12392;12411
12392;12664
12392;12760
12392;12517
12392;12663
12392;12516
12392;12451
12411;12788
12516;12517
12663;12664
6439;6440
39;40
39;2347
39;1759
39;13280
40;2347
40;382
40;252
40;1425
40;251
1759;11976
1759;13057
1759;6376
2347;4011
251;583
251;382
251;1425
251;252
252;583
252;12486
252;382
252;1425
252;12403
252;12780
252;12781
382;583
382;12486
382;13025
382;10921
382;13026
382;12780
382;12521
382;693
382;13198
382;602
382;1425
382;1230
382;12781
382;12403
382;4290
382;13266
1425;9596
1425;6551
1425;7943
41;66
41;286
41;69
41;42
41;287
41;68
42;7407
42;286
42;2822
42;9724
42;4605
42;931
42;3482
42;287
42;72
42;938
42;3483
42;4607
42;809
42;807
42;7480
42;585
42;7408
66;641
66;69
66;67
66;68
68;641
68;69
68;8730
68;4395
68;3231
68;8731
68;6268
68;2731
68;10334
68;172
69;641
286;698
286;287
286;5982
72;4605
72;4606
72;3482
72;2680
72;7480
72;9724
72;7408
72;7407
72;3483
72;319
72;73
72;1322
72;639
72;3484
72;931
72;1911
72;2679
72;4607
72;2438
72;317
72;318
585;4391
585;4605
585;8859
585;4607
585;967
931;4605
931;3482
931;3483
931;4607
931;7480
3482;3484
3482;4605
3482;3483
3482;4607
3482;7480
3483;3484
3483;4605
3483;4607
3483;7480
4605;7407
4605;4606
4605;4607
4605;12085
4605;9724
4605;7480
4605;7408
4607;7407
4607;12085
4607;9080
4607;9081
4607;9724
4607;7480
4607;7408
7407;9724
7407;7408
7408;9724
43;13222
43;13224
43;13219
43;13221
43;1464
43;13223
43;13220
1464;13222
1464;13224
1464;13219
1464;13221
1464;13223
1464;9934
1464;2519
1464;11028
1464;13220
1464;8420
13219;13222
13219;13224
13219;13221
13219;13223
13219;13220
13220;13222
13220;13224
13220;13221
13220;13223
13221;13480
13221;13222
13221;13224
13221;13481
13221;13482
13221;13483
13221;13223
13221;13484
13222;13224
13222;13223
13223;13224
44;927
45;1076
45;1383
45;269
45;666
45;729
45;2711
45;479
45;46
45;2710
45;1142
45;866
45;1442
45;47
45;665
46;1076
46;424
46;497
46;1141
46;2658
46;1484
46;3604
46;218
46;683
46;866
46;865
46;1072
46;7125
46;4940
46;958
46;543
46;47
46;13416
46;3744
46;684
46;479
46;2441
46;408
46;96
46;13093
46;3605
46;3836
46;407
46;2225
47;1383
47;683
47;407
47;1442
47;665
269;480
269;1141
269;624
269;12316
269;866
269;12317
269;1949
269;7312
269;481
269;1045
269;12611
269;804
269;10270
269;1948
269;9596
269;7614
269;12318
269;1309
269;4689
269;12602
269;420
269;479
269;7943
269;3828
269;1150
269;728
269;729
479;480
479;1563
479;1076
479;497
479;11521
479;1616
479;1617
479;12459
479;3360
479;691
479;866
479;1618
479;1302
479;13045
479;481
479;1606
479;6551
479;6769
479;975
479;804
479;1319
479;591
479;9596
479;2475
479;1034
479;1425
479;1309
479;1116
479;5821
479;7943
479;9056
479;3050
479;1320
479;729
479;1318
479;12460
479;6770
665;4592
665;1383
665;666
665;2208
665;2710
665;2711
665;1369
665;7121
665;1181
665;12866
665;1442
666;1383
666;2711
666;2710
666;1442
666;12866
729;1350
729;1616
729;1617
729;12316
729;5919
729;866
729;1618
729;4479
729;12317
729;7312
729;5004
729;6551
729;6769
729;975
729;12611
729;804
729;9596
729;12318
729;1425
729;1309
729;12602
729;7943
729;3828
729;1318
729;6770
866;1076
866;1141
866;2909
866;1484
866;6685
866;1072
866;5066
866;7125
866;4472
866;5232
866;958
866;7517
866;6340
866;7869
866;2445
866;4515
866;929
866;12626
866;1142
1383;1384
1383;1385
1383;1442
1442;7121
2710;2711
2710;12866
96;99
96;97
96;269
96;1484
96;12708
96;866
96;1661
96;12957
96;12978
96;100
96;1315
96;13390
96;5073
96;1045
96;9268
96;1316
96;12977
96;5072
96;98
96;12887
96;1923
96;13537
96;420
96;1659
96;5504
96;7949
96;978
96;12707
96;1904
96;12903
96;1808
96;3328
96;6648
96;1807
96;1660
96;260
96;881
218;4663
218;221
218;572
218;502
218;242
218;12466
218;12615
218;582
218;2637
218;13308
218;2552
218;220
218;2645
218;6254
218;1957
218;4031
218;4940
218;5073
218;4061
218;7102
218;1356
218;2577
218;3750
218;5118
218;7790
218;12542
218;13416
218;684
218;2646
218;1384
218;2171
218;7791
218;1385
218;12818
218;2756
218;2172
218;10709
218;12539
218;633
218;1383
218;2643
218;12538
218;2644
218;219
218;12465
218;2011
218;407
218;2650
218;4307
407;2658
407;5084
407;3604
407;683
407;866
407;5085
407;1363
407;1072
407;1362
407;958
407;543
407;2442
407;2441
407;5083
407;408
407;3605
407;12507
407;2225
408;1072
408;2658
408;958
424;1076
424;1141
424;2149
424;762
424;5591
424;13679
424;13678
424;2223
424;1647
424;543
424;1909
424;9531
424;684
424;1116
424;1117
424;13093
424;1611
424;468
424;3836
424;9910
497;12459
497;1116
543;1076
543;1141
543;1350
543;5084
543;3604
543;762
543;866
543;12841
543;865
543;5085
543;13678
543;6685
543;13679
543;1498
543;958
543;2223
543;12881
543;9049
543;4629
543;684
543;1155
543;1349
543;3285
543;4515
543;5083
543;13093
543;3605
543;2224
543;1920
543;3836
543;2225
543;1500
683;3340
683;9644
683;1076
683;9645
683;684
683;12507
683;2441
683;13012
684;13371
684;1780
684;866
684;5073
684;12542
684;12607
684;12606
684;12456
684;1155
684;1385
684;1150
684;12455
684;2437
684;12754
684;2011
684;3425
684;12631
684;13370
865;929
865;1141
865;1350
865;3744
865;12841
865;12881
865;4515
865;2363
865;5066
865;4472
865;13012
865;5232
865;1513
865;866
865;2223
865;2445
958;1350
958;2658
958;8538
958;959
958;1363
958;1072
958;1073
958;1362
958;1356
958;13006
958;3586
958;1230
958;1358
1072;1141
1072;1073
1072;2658
1072;7125
1072;1484
1141;6685
1141;7125
1141;1484
1141;6282
1141;5232
1141;1142
1141;2223
1141;4515
1484;7125
1484;6282
1484;1659
1484;1660
1484;1661
2225;3605
2225;3604
2441;5642
2441;13062
2441;2442
2441;5641
2441;5640
2441;12507
2441;13012
2441;5643
2441;8879
2658;3103
3604;3605
3744;4166
3744;4165
3836;3838
3836;7228
3836;7230
3836;3837
3836;7229
4940;13416
48;50
48;4629
48;49
48;1513
48;260
49;50
50;12280
50;1513
1513;2445
1513;1668
4629;5621
12280;12281
51;55
51;899
51;217
51;1395
51;898
51;4989
51;900
51;52
51;54
51;1708
52;55
52;1710
52;217
52;1712
52;4589
52;54
52;1711
55;217
217;4663
217;1226
217;221
217;218
217;2637
217;220
217;1225
217;898
217;1356
217;1384
217;2171
217;1385
217;1383
217;219
217;407
217;6254
898;899
898;4989
898;900
898;2171
898;1356
898;1708
899;1395
899;4989
899;900
899;12100
900;9586
900;13431
900;12975
900;4989
900;1414
900;1108
900;1712
900;1107
1395;12100
1395;4989
4989;12100
1711;1712
1711;2059
1711;4589
1711;3189
1711;2748
1711;2803
1711;2755
1711;9279
1711;9278
1712;2803
1712;3536
1712;9586
53;2803
53;218
53;12465
53;2011
53;1385
53;12466
53;54
53;1711
1385;4663
1385;3956
1385;2803
1385;3957
1385;2637
1385;13308
1385;13106
1385;4061
1385;3750
1385;5118
1385;2171
1385;12818
1385;2756
1385;13107
1385;10709
1385;13108
1385;5741
1385;4481
1385;1711
1385;4307
2011;5073
2011;12465
2011;12466
2011;12542
2803;3536
12465;12466
219;221
219;407
219;220
220;4663
220;221
220;572
220;502
220;4031
220;1356
220;12818
220;503
220;1385
220;5610
220;2756
220;5611
220;2172
220;1115
220;407
221;572
221;502
221;4031
221;2172
502;572
502;5611
502;4031
502;1115
502;503
502;1356
502;5610
502;2172
572;4031
572;2172
633;4061
633;1385
633;2731
633;2367
782;3543
782;2805
782;2844
782;807
1356;5160
1356;4663
1356;1967
1356;2171
1356;3586
1384;1385
1613;13166
1613;4086
2059;7135
2059;3189
2059;2747
2059;2748
2059;2755
2059;9278
2059;9279
2059;2746
2059;7496
2171;3750
2171;4481
2171;2637
2171;4307
2172;4031
2172;7791
2172;7790
2577;7102
2637;4663
2637;6254
2637;3750
2637;4307
2748;12819
2748;7135
2748;3189
2748;2755
2748;9278
2748;9279
2748;7496
2755;2776
2755;3189
2755;9279
2755;9278
2805;2844
2805;3543
2844;3543
2844;13110
2844;13111
3189;9279
3189;9278
3543;5741
3543;8158
3543;4481
4061;4297
4086;6338
4086;6339
4086;4087
4086;5208
4086;4154
4663;4665
4663;4664
4663;5790
4663;6741
4663;12818
4663;8783
4663;6297
4663;6298
6621;6622
6621;6623
6622;6623
9278;9279
12818;13303
12818;13261
13261;13303
13616;13617
58;59
58;2060
58;3170
58;13229
2060;10308
2060;13229
2060;9593
2060;3170
2060;2420
2060;13197
2060;2061
3170;5678
3170;12347
3170;13229
3170;12346
3170;5679
3170;5680
63;112
63;111
63;423
111;112
111;2251
111;1862
111;1850
111;1851
111;423
111;1861
111;2021
111;1558
112;3128
112;550
112;394
112;3084
112;395
112;1768
112;913
395;6062
395;1851
395;808
395;7420
395;1401
395;901
395;1413
395;577
395;8474
395;1861
395;5988
395;7421
395;578
395;5987
397;3346
397;3348
397;1540
397;4394
397;901
397;3347
397;578
423;945
423;1298
1027;13433
1027;2777
1027;1034
1027;1851
1027;1413
1027;1861
1192;1862
1192;1850
1192;1851
1192;2021
1413;1851
1413;3782
1413;1861
1413;5987
1850;1862
1850;1851
1851;1862
1851;5867
1861;1862
1861;5987
1861;5988
1862;5867
1731;9531
1731;5621
1731;2210
634;13355
634;13356
634;3528
634;4139
634;4138
634;4140
634;11591
634;3084
634;4141
634;3197
808;2233
808;1851
808;809
1558;5781
1558;2251
1558;6175
1558;13211
1558;6174
3084;3528
3084;4735
3084;4139
3084;4138
3084;4140
3084;4141
4138;4735
4138;4139
4138;4140
4138;4141
4140;4735
4140;4141
5987;5988
7420;7421
8150;12315
12569;13211
64;90
64;231
90;12715
90;978
90;6374
90;13553
90;3050
90;2439
90;9855
90;6375
90;979
90;12863
90;231
90;1478
231;14480
231;1863
231;3050
231;888
231;2439
231;1581
231;1328
231;6375
231;14479
231;1478
231;1864
231;1867
231;1866
231;467
67;69
67;68
172;13207
172;451
172;13116
172;4394
172;4526
172;422
172;4395
172;551
172;395
172;807
172;2091
172;452
172;715
172;13115
172;859
172;5612
172;12994
172;13301
172;13142
172;1161
172;901
172;4089
172;577
172;579
172;397
172;13209
172;13124
172;12960
172;874
172;938
172;13285
172;809
172;862
172;6268
172;450
172;13208
172;13315
172;3348
172;860
172;861
172;1360
172;12733
172;5150
172;3284
172;578
172;2072
2731;4395
2731;6268
3231;8730
3231;4395
3231;8731
3231;10334
4395;6268
4395;10334
8730;8731
71;1457
71;1456
71;1458
71;2096
71;2567
71;4726
71;73
71;1378
71;1455
71;72
71;1857
71;315
71;3999
71;1407
71;5350
73;1129
73;12321
73;1080
73;4929
73;1543
73;829
73;1304
73;152
73;2474
73;8315
73;153
73;4461
315;317
315;316
1378;1379
1378;1944
1378;1381
1378;1380
1378;3494
1378;3493
1378;3999
1407;2567
1407;4726
1407;1857
1407;5350
1455;1456
1455;1457
1455;1458
1456;1457
1456;1458
1456;2096
1456;13136
1456;7813
1457;1458
1857;2567
1857;4726
1857;5350
2567;4726
2567;5350
3999;4240
4726;5350
317;1078
317;12750
317;726
317;727
317;2161
317;12082
317;913
317;591
317;2627
317;592
317;4916
317;9152
317;12748
317;12352
317;639
317;1824
317;7076
317;1826
317;12751
317;2289
317;12448
317;590
317;12492
317;1911
317;1973
317;4607
317;2438
318;319
318;3484
319;3484
639;726
1322;2456
1322;2679
1322;2680
2438;12352
2679;2680
2679;2871
4606;4607
152;11753
152;13253
152;1175
152;12301
152;1347
152;12722
152;13437
152;5866
152;2393
152;351
152;958
152;866
152;168
152;153
152;260
152;2992
153;1347
153;2393
153;1181
153;168
153;2882
153;765
153;165
153;766
153;5866
153;166
153;13253
153;1175
153;13437
153;351
153;2881
153;1016
153;167
153;2992
829;8940
829;1129
829;12321
829;1080
829;1543
829;7109
829;1304
829;2474
829;8315
829;4929
829;4461
1080;10358
1080;1305
1080;1081
1080;1543
1080;12847
1080;12855
1080;2740
1080;1545
1543;12534
1543;4242
1543;13293
1543;1544
1543;2435
1543;13173
1543;14137
1543;2275
1543;12721
1543;12729
1543;11819
1543;10022
1543;11820
1543;12479
1543;14079
1543;2626
1543;3638
1543;5925
1543;2627
1543;3639
1543;1941
1543;3714
1543;1751
1543;13320
1543;2001
1543;13298
1543;12855
1543;13157
1543;4461
1543;1545
80;1314
80;12680
80;1313
80;557
80;3336
80;12487
80;12510
80;12494
80;8433
80;515
80;12545
80;208
80;585
208;3336
557;626
557;625
557;2907
557;12590
557;3655
557;2868
557;12711
557;3656
557;6364
1313;12487
1314;4323
1314;2444
12487;12545
81;320
81;5445
81;83
81;1014
83;13067
83;13047
83;12850
83;13553
83;13066
83;13065
83;13046
83;1014
83;320
83;5445
83;90
83;13048
83;1214
320;5445
320;1014
1014;5445
1214;13067
1214;13065
1214;13066
13046;13048
13046;13047
13047;13048
13065;13067
13065;13066
13066;13067
84;626
84;12711
84;557
626;12590
626;12711
87;88
87;754
88;12904
88;754
754;12904
978;1199
978;12903
978;1045
978;7949
978;979
1478;6374
1478;3050
1478;9855
1478;6375
1478;2439
2439;6374
2439;9855
2439;3194
2439;6375
2439;3193
6374;9855
6374;6375
6375;9855
91;13292
91;92
91;93
91;6137
91;13119
91;201
91;543
91;985
92;13292
92;6137
92;93
92;985
93;4663
93;13292
93;13352
93;4665
93;4664
93;3532
93;2262
93;12929
93;6137
93;13119
93;201
93;5790
93;985
93;426
93;1047
93;1289
93;144
93;3533
93;8783
93;6297
93;6298
93;4294
93;2263
93;3869
201;4663
201;217
201;502
201;13352
201;13377
201;218
201;4622
201;2122
201;220
201;3273
201;13119
201;1356
201;985
201;426
201;1047
201;13376
201;503
201;1229
201;4294
201;6096
201;1115
201;3869
201;2534
201;6674
985;10483
985;13292
985;13377
985;11741
985;2122
985;12379
985;2121
985;3273
985;12378
985;12377
985;6137
985;13119
985;14436
985;13376
985;6352
985;8464
985;2120
985;6353
985;5194
985;2534
985;6674
6137;13292
6137;12595
6137;12596
144;4663
144;4665
144;4664
144;3533
426;985
1047;13352
1047;4294
1047;1048
1289;3533
2262;2263
3532;3533
3533;4663
3533;6297
3533;6298
3533;4665
3533;3869
3533;4664
3533;5790
3533;8783
3869;4663
4294;13169
4294;13167
4294;13172
4294;13352
4294;13170
4294;12929
4294;13168
4294;12869
4294;13171
4664;4665
4665;6297
4665;6298
6297;6298
94;12819
94;6848
94;12642
94;12473
94;2748
94;12643
94;12286
94;95
94;553
95;2503
95;553
553;12805
553;12530
553;2503
553;12819
553;2196
553;554
553;12616
553;2748
553;12643
553;12287
553;12440
6848;13225
6848;12389
6848;12642
6848;13604
6848;13226
6848;12643
6848;12286
6848;13605
6848;12390
6848;13638
12286;12530
12286;12642
12286;12473
12286;12643
12286;12287
12286;12440
12286;13637
12286;13626
12286;13497
12286;13561
12473;12530
12642;12643
12643;13561
2503;5044
2503;5045
97;98
97;99
97;13234
97;100
98;99
98;100
99;100
99;269
99;2477
99;13217
99;7675
99;420
99;4054
99;1045
99;7674
99;260
99;1070
99;7470
100;9644
100;12957
100;13234
100;1923
100;12966
100;2173
100;683
100;5504
100;9645
420;6099
420;5072
420;421
420;422
420;1484
420;5073
420;1659
420;1045
420;3328
420;1660
420;1661
881;1045
881;13012
881;9268
1045;3632
1045;1315
1045;4717
1045;3633
1045;2727
1045;13390
1045;12903
1045;7949
1045;1316
1315;1316
1315;13390
1316;12139
1316;12138
1659;1660
1659;1661
1660;1904
1660;6648
1660;1661
1807;12977
1807;12978
1807;12707
1807;1808
1807;12708
1808;12977
1808;12978
1808;12707
1904;6648
1923;13867
1923;5504
1923;13866
3328;13537
5072;5073
5504;13867
5504;13866
7949;12887
7949;12903
12707;12977
12707;12978
12707;12708
12977;12978
1070;13217
2477;7675
2477;4054
2477;7674
2477;7470
4054;7470
7674;7675
9644;9645
12966;13661
105;107
105;1587
105;2004
105;5427
107;1587
2004;12474
2004;12475
2004;12670
2004;12804
2004;5427
5427;12474
5427;12475
5427;13395
5427;12804
5427;13394
394;3128
394;550
394;551
394;549
550;3128
550;551
913;13169
913;7076
913;13167
913;13172
913;13170
913;4294
913;13168
913;9152
913;13171
913;3084
114;3990
122;123
123;4858
123;12382
123;3491
123;552
124;8134
124;1076
124;967
124;12341
124;126
124;339
124;8135
124;125
124;13188
124;8136
124;127
124;1035
124;812
125;967
125;3400
125;127
125;126
125;468
125;2720
125;13188
125;709
126;10560
126;10561
126;226
126;127
126;812
127;424
127;10177
127;470
127;5591
127;4528
127;4529
127;1647
127;1648
127;469
127;13188
127;934
127;933
127;3400
127;4530
127;468
127;9910
127;967
339;12340
339;3907
339;2964
339;12483
339;12341
339;12342
339;12081
339;9803
812;8134
812;813
812;8135
812;8136
812;2439
967;12697
967;13043
967;2747
967;2058
967;13188
967;2196
967;1354
1035;1073
1035;1036
8134;8136
8134;8135
8135;8136
12341;12483
12341;12342
468;4528
468;933
468;4530
468;1648
468;934
468;4529
468;469
468;709
468;9910
468;1647
468;10177
468;470
468;5591
2720;2721
226;10560
226;4391
226;10561
226;4519
226;668
226;1203
226;12582
226;12886
226;3037
226;4089
226;585
10560;10561
469;470
933;4528
933;4530
933;1648
933;934
933;4529
933;1647
934;4528
934;4530
934;1648
934;4529
934;1647
1647;12782
1647;12723
1647;1648
1647;13216
1647;2411
1647;5591
4528;4530
4528;4529
4529;4530
5591;9910
131;5261
131;5259
131;5260
5259;5261
5259;5260
5260;5261
132;5700
132;10620
132;387
132;1017
132;385
132;13989
132;4810
132;4562
132;298
132;1019
132;386
298;1792
298;4087
298;13434
298;13435
298;3190
298;7459
298;13420
298;4086
298;3750
298;9559
298;1791
385;412
385;9016
385;387
385;9018
385;386
386;966
386;387
386;573
1017;5700
1017;10620
1017;4810
1017;13989
1017;1019
1019;5700
1019;4562
4810;10620
4810;13989
10620;13989
135;173
135;9593
135;2623
135;174
135;2060
135;12706
135;175
173;490
173;2869
173;12705
173;174
173;4204
173;12706
173;175
173;489
174;175
2623;12763
2623;12627
2623;12312
2623;7937
2623;12584
2623;7938
137;138
138;4883
138;4880
138;3339
138;3337
138;4882
138;3338
138;4881
3337;3339
3337;3338
3338;3339
4880;4882
4880;4883
4880;4881
4881;4882
4881;4883
4882;4883
4882;9508
4882;9509
4882;9507
4882;6006
139;141
139;140
139;142
140;142
140;141
141;142
142;1456
146;5480
146;5481
146;5479
5479;5480
5479;5481
5480;5481
147;148
147;2012
147;13329
147;4296
147;2013
147;3925
148;4297
148;5204
148;3634
148;3925
148;13410
148;749
148;4296
148;5523
148;3635
148;1649
148;3637
148;748
148;750
148;3636
2012;2013
2013;13251
2013;13250
2013;13249
3925;12450
3925;12449
4296;4297
4296;6146
4296;6145
748;3634
748;3635
748;750
748;3637
748;749
748;3636
749;750
1649;5523
3634;3635
3634;3637
3634;3636
3635;3637
3635;3636
3636;3637
3637;4297
3637;4296
4297;6146
4297;6145
5204;13410
149;1240
149;11127
149;441
149;370
149;12329
149;1656
149;12633
149;382
149;12632
149;12725
149;12860
149;12521
149;12527
149;2490
149;573
370;1586
370;1628
370;12714
370;372
370;1241
370;12527
370;371
441;12860
573;966
573;1656
573;13112
573;6435
573;14232
573;12725
573;14233
573;844
1240;7495
1240;9786
1240;3698
1240;7496
1240;1732
1656;12725
2490;9625
12329;13260
12632;12633
12860;13200
12860;13201
12860;13254
12860;13202
150;13402
151;1175
151;8232
151;351
151;8231
151;152
151;2992
151;153
351;13253
351;13490
351;1347
351;13491
351;13489
8231;8232
2393;2394
2393;11208
2393;7366
2393;5866
2393;7365
2393;5580
11753;12722
11753;12298
12301;13416
12301;13415
12301;12989
12301;12302
165;167
165;168
165;166
167;168
765;766
765;12626
765;2340
765;866
765;7517
765;9268
766;2558
766;2340
1181;2992
2881;2882
154;1543
154;12534
158;2242
158;1094
158;7428
158;3376
158;7150
158;447
158;887
158;212
158;12287
158;886
158;1751
158;730
158;2790
158;8605
887;927
887;1751
1751;6564
1751;4947
1751;4948
1751;4946
1751;4246
1751;1941
1751;2275
1751;7315
1751;7316
2790;10900
2790;6287
3376;7150
8605;12287
12287;12530
12287;12616
159;1414
159;506
159;212
159;12682
159;12613
159;7432
159;12612
506;1414
506;507
506;12682
506;12613
506;12612
1414;12682
12612;12613
169;4297
169;4061
169;1034
1034;4297
1034;1319
1034;3904
1034;4061
1034;9137
422;633
422;2731
422;577
422;2367
450;578
450;577
450;13116
451;452
451;5475
451;4321
451;9391
451;4089
451;3284
451;2091
452;626
452;4089
452;3284
452;2091
577;13315
577;13116
577;859
577;860
577;861
577;4526
577;874
577;901
577;578
577;579
578;13207
578;13116
578;4394
578;4526
578;13115
578;859
578;5612
578;10518
578;12994
578;13142
578;901
578;579
578;13209
578;13124
578;874
578;13285
578;862
578;8960
578;13208
578;13315
578;3348
578;860
578;861
578;12733
578;1168
578;2072
715;13301
715;12960
715;1360
860;4394
860;901
861;13315
861;4526
861;874
861;901
862;13207
862;13209
862;13208
862;13115
862;13124
862;2072
874;3348
874;5612
874;4526
901;13115
901;13315
901;4394
2072;13207
2072;13209
2072;13208
2072;13115
2072;13124
2091;4089
2091;3284
3284;4089
3348;5682
3348;5612
3348;13033
3348;12960
4394;13115
12733;12994
13115;13207
13115;13209
13115;13208
13115;13124
13124;13207
13124;13209
13124;13208
13142;13285
13207;13209
13207;13208
13208;13209
489;2079
489;490
489;3427
489;3426
489;2869
489;5996
489;12346
490;2869
490;12705
490;12706
12705;12706
177;12628
178;179
178;4011
179;1706
179;13215
179;12617
179;8144
179;4940
179;9997
179;2135
179;4117
179;538
179;539
179;4083
4011;11646
4011;4083
538;801
538;539
538;800
539;9597
539;2248
539;1790
539;1549
539;1992
539;2839
1706;5902
1706;2135
1706;4794
1706;5903
1706;4011
1706;4083
2135;5902
2135;5903
2135;4011
2135;4083
4083;5902
4083;4940
4083;4117
4083;5903
9997;12617
9997;9998
199;1225
199;1226
199;217
1225;1226
503;1115
503;1356
1115;1356
1229;6096
1229;4622
2122;13376
2122;13377
2122;6674
2534;3273
4622;6096
6674;13376
6674;13377
13376;13377
207;211
207;572
207;4644
207;888
207;250
207;1116
207;1241
207;7646
207;3828
207;210
207;209
209;572
209;6782
209;8538
209;1864
209;1867
209;958
209;231
209;1116
209;1241
209;3828
209;1866
209;4644
209;210
209;14480
209;211
209;6781
209;1863
209;14479
209;1865
210;4019
210;211
210;4311
210;4018
211;4019
211;1116
211;4018
211;3828
250;572
888;12999
888;1529
888;13780
888;1530
888;7646
888;12998
888;12997
1116;2149
1116;1893
1116;9565
1116;1370
1116;7564
1116;5115
1116;3828
1116;1892
1116;9564
1116;1611
1116;2196
1116;13179
1241;1628
1241;8977
3828;5115
3828;12611
3828;13179
1863;14480
1863;14479
1863;1864
1863;1867
1863;1866
1863;1865
1864;14480
1864;14479
1864;1867
1864;1866
1864;1865
1865;1866
1865;1867
1866;14480
1866;14479
1866;1867
1867;8837
1867;8835
1867;14480
1867;8164
1867;8836
1867;14479
6781;6782
14479;14480
4018;4019
213;2348
213;760
213;214
213;8827
213;2471
213;759
213;3396
214;2348
214;3396
214;759
759;2348
759;760
759;13021
759;2471
759;3396
760;2471
2348;3396
2471;8827
3396;3496
3396;12111
215;216
215;1328
216;1328
1328;2452
1328;13540
1328;13542
1328;1581
1328;13539
1328;12889
1328;12890
1328;4565
1328;13541
242;13308
242;1385
242;582
242;5118
242;10709
582;5119
582;12615
582;13308
582;13618
582;13514
582;1957
582;13549
582;5118
582;12542
582;13515
582;653
582;13442
582;1385
582;13107
582;12539
582;10709
582;13108
582;13550
582;13443
582;13522
582;2650
582;13106
1957;5119
1957;1958
1957;12615
1957;2650
1957;5118
1957;12542
1957;12539
2552;2645
2552;2643
2552;2644
2552;2646
2643;2645
2643;2644
2643;2646
2644;2645
2644;2646
2645;2646
2650;12538
2650;12615
2650;12542
2650;12539
5118;13108
5118;5119
5118;13308
5118;10709
7790;7791
10709;13308
12538;12539
12539;12615
12539;12542
12542;12615
5610;5611
222;5529
222;5530
222;2623
222;223
222;13021
222;12312
222;759
222;2020
222;14484
222;224
222;6122
223;5529
223;5530
223;2020
223;14484
223;12447
223;224
223;6122
223;12446
2020;5619
2020;6088
2020;5620
2020;2022
2020;6606
2020;6574
2020;5055
2020;3357
2020;2965
5529;5530
12446;12447
225;226
668;3263
668;9999
668;12634
668;13622
668;12635
668;1203
668;12582
668;1654
668;3037
668;13621
668;2801
668;3262
1203;1291
1203;7821
1203;4089
1203;2801
1203;13413
1203;1727
3037;5093
3037;12582
3037;5094
229;728
229;269
229;2437
229;624
229;729
229;12602
229;230
229;12611
229;3828
230;2437
624;728
624;729
624;12316
624;12317
728;729
2437;5073
467;8421
467;12497
467;982
467;572
467;888
467;624
467;957
467;8422
467;13374
235;236
236;1992
1992;5843
1992;12583
1992;1995
1992;1993
1992;1994
237;794
237;791
791;794
241;1624
241;11021
1624;11021
583;591
583;1876
583;1425
583;592
583;12780
583;12781
583;617
12780;12781
256;795
256;2350
256;10448
256;10447
795;1598
795;2349
795;796
795;2834
795;2019
795;10447
795;2350
795;2020
795;10448
795;2833
795;3357
2350;2833
2350;2834
2350;10447
2350;5621
2350;10448
2350;4840
10447;10448
481;14124
481;977
481;4165
481;8562
481;3640
481;2024
481;1949
481;2798
481;2025
481;2169
481;6564
481;976
481;1621
481;955
481;2799
481;517
481;975
481;4166
481;1948
481;5965
481;2797
481;2041
481;684
481;1150
481;12372
481;3050
481;1320
481;8737
481;3387
936;1116
936;937
1150;4165
1150;8562
1150;3640
1150;2798
1150;1949
1150;6564
1150;1621
1150;2799
1150;4166
1150;1948
1150;5965
1150;2797
1150;2041
1150;8737
1150;3387
1263;5160
1263;1264
1263;1967
1263;1356
1308;12303
1308;1309
1308;1441
1308;2297
1309;10270
1309;7614
1362;1731
1362;1363
1362;9531
1362;5621
1362;2210
1376;4265
1376;5621
1376;10514
1376;2350
1611;10507
1611;3607
1611;10506
1611;2149
1611;11529
1611;11032
1611;1892
1909;2149
1967;5160
1967;3069
1967;1968
1967;5159
1967;5161
1967;4218
2041;8562
2041;5396
2041;5985
2041;3699
2041;8948
2041;10593
2041;6299
2041;8947
2041;6564
2041;10591
2041;5965
2041;5984
2041;4629
2041;5621
2041;10592
2041;5986
2041;5983
2041;8737
2210;9531
3285;4629
3699;6299
4840;5621
4840;8849
5160;5161
262;486
263;3370
263;5015
263;5014
263;3538
263;1066
263;5013
263;5012
1066;3370
1066;3114
1066;4843
3538;9587
3538;5015
3538;9588
3538;5014
3538;9589
3538;5013
3538;5012
5012;5015
5012;5014
5012;5013
5013;5015
5013;5014
5014;5015
267;268
480;1076
480;1616
480;1617
480;4165
480;6545
480;691
480;5919
480;1765
480;1618
480;481
480;1621
480;4358
480;6769
480;975
480;4357
480;804
480;4166
480;1319
480;3744
480;2475
480;1034
480;1309
480;5821
480;3743
480;1150
480;3050
480;1320
480;729
480;1318
480;6546
480;6770
804;7312
804;9596
804;1616
804;1617
804;1425
804;1309
804;6551
804;6769
804;7943
804;975
804;4479
804;1618
804;6770
1948;1949
7312;9596
7312;7943
7614;10270
7943;9596
7943;8584
12316;12318
12316;12317
12317;12318
271;3989
271;9833
271;3750
271;868
272;298
272;7459
272;273
273;13162
273;13163
273;13358
273;13161
273;298
273;13357
868;12860
1704;1706
1704;2754
1704;5196
1704;12944
1704;12946
1704;12945
1704;2057
1704;1705
1704;13438
1704;3750
1704;12943
2057;2754
2057;5196
2057;2776
2057;2059
2057;7135
2057;13163
2057;13294
2057;13265
2057;2746
2057;2747
2057;2058
2057;2748
2057;2755
2057;3750
2057;7496
2058;12697
2058;2059
2058;5120
2058;5121
2058;13043
2058;2747
2058;2748
2058;2196
2058;2746
2746;5120
2746;5121
2746;2747
2746;2748
2747;12697
2747;5120
2747;5121
2747;13043
2747;2748
2754;7416
2754;5196
2754;2776
2754;7135
2754;8612
2754;13109
2754;2755
2754;8611
2754;3750
2754;13373
4154;7032
4154;4375
4154;7033
4375;7032
4375;7033
4834;4835
4834;4836
4835;7685
4835;7686
4835;4836
4835;7688
4835;7687
6338;6339
6339;11997
7032;7033
7135;13109
7135;13373
7135;7496
8611;8612
13109;13373
3989;9833
13161;13162
13161;13163
13162;13288
13162;13289
13162;13290
13162;13163
13162;13436
13163;13294
13163;13265
13163;13358
13163;13357
13357;13358
279;2079
279;404
279;3427
279;466
279;3426
279;12562
279;489
404;466
466;1520
466;13839
466;4626
2079;3426
2079;3427
3426;3427
698;2479
698;5982
698;1161
288;289
288;13052
288;795
288;12980
288;940
288;13344
288;13345
288;1598
288;13343
288;796
288;13339
288;13341
288;2350
288;13342
288;13050
288;13340
288;5474
288;13338
288;290
289;290
289;12980
289;13052
290;13342
290;13050
290;13345
290;13343
290;796
290;13339
290;13341
290;13340
290;13338
290;13052
290;795
290;2350
290;12980
290;13344
796;1598
796;2349
796;2350
796;3226
1598;2350
12980;13052
13338;13342
13338;13345
13338;13343
13338;13339
13338;13341
13338;13340
13338;13344
13339;13342
13339;13345
13339;13343
13339;13341
13339;13340
13339;13344
13340;13342
13340;13345
13340;13343
13340;13341
13340;13344
13341;13342
13341;13345
13341;13343
13341;13344
13342;13345
13342;13343
13342;13344
13343;13345
13343;13344
13344;13345
3821;9625
4246;4947
4246;4948
4246;4946
1791;1792
3190;13435
3190;13434
9559;13420
13434;13435
300;3340
300;8940
300;481
300;12372
300;508
300;1350
300;382
300;1349
300;683
300;829
300;958
300;4057
300;543
300;1230
508;4057
1230;1350
1349;1350
1350;2490
1350;2223
1350;12881
1350;12841
1350;9625
4057;14051
305;309
305;307
305;308
305;306
306;309
306;307
306;308
307;309
307;308
308;309
308;6324
308;12411
308;13492
308;12503
308;12504
308;1183
308;1182
1182;1183
6324;13492
6324;7701
12503;12504
314;315
314;317
314;316
316;317
590;591
590;592
591;13944
591;3069
591;9596
591;1968
591;4218
591;729
591;1425
591;592
591;1967
591;6551
591;7943
591;593
591;6525
591;804
592;13944
592;3069
592;1968
592;1967
592;593
592;6525
592;4218
726;727
726;4916
726;4607
1824;1826
1824;12448
1824;2438
1824;12352
1826;12352
1826;12448
1973;1974
1973;12492
1973;2598
1973;2655
12082;14290
12082;12751
12082;12750
12082;14289
12082;12748
12082;12749
12352;12448
12748;14290
12748;12751
12748;12750
12748;14289
12748;12749
12750;14290
12750;12751
12750;14289
12751;14290
12751;14289
455;2907
455;2868
455;557
338;339
338;3907
338;2964
12081;12341
12081;12483
12340;12341
12340;12342
13489;13490
13489;13491
13490;13491
360;363
360;12549
360;12442
360;5757
360;12609
360;12339
360;12744
360;12950
360;12441
363;12549
363;8860
363;12442
363;12609
363;8859
363;12744
363;12950
5757;8552
5757;8553
5757;12339
5757;5758
5757;12569
12441;13476
12441;12442
12609;12950
12609;12744
12744;12950
8859;8860
371;1628
371;12714
371;372
371;1241
372;1628
372;1241
1586;12527
1628;12714
373;1730
373;1683
1683;3194
1683;1730
1683;4467
379;380
602;13266
693;12799
693;13404
693;4290
4290;13205
4290;13481
4290;13482
4290;13483
4290;13221
4290;13204
4290;10421
4290;13480
4290;13484
13025;13026
412;419
412;1191
412;2675
412;421
412;417
412;422
412;9016
412;420
412;9018
412;2676
412;4533
412;2674
412;5912
9016;9018
549;551
549;550
1540;3346
1540;3348
1540;3454
1540;3347
1540;6355
3346;3930
3346;9058
3346;3348
3346;6112
3346;4106
3346;3347
3346;9057
3347;3348
398;399
2442;5642
2442;5641
2442;5640
2442;12507
2442;5643
5083;5085
5083;5084
5084;5085
12507;13012
410;411
410;412
410;417
411;412
411;417
419;6099
419;421
419;422
419;420
421;422
1191;5912
2674;4533
2674;2676
2674;2675
2675;4533
2675;2676
2676;4533
413;416
413;414
413;415
414;415
414;416
415;416
415;2737
415;1292
415;434
415;2738
416;1292
416;434
434;1150
434;480
434;481
434;2025
434;914
434;3354
434;1621
434;1292
434;517
434;2024
2737;2738
2737;13185
2737;13425
2738;13425
418;472
418;1612
418;8685
418;13166
418;13319
418;1190
418;473
418;1613
472;473
473;814
473;1313
473;492
473;1613
473;815
1190;1612
1612;1613
13166;13319
2367;2731
2367;3371
762;13678
762;13679
1117;1647
2223;12881
2223;2224
2223;12841
2223;2225
13678;13679
425;488
425;487
425;1118
487;488
428;927
428;887
428;3114
428;5974
3114;4822
3114;4821
3114;3116
3114;3117
3114;3115
3114;4843
3114;4820
432;435
432;13162
432;1080
432;618
432;504
432;955
432;13436
435;504
618;619
955;956
955;1933
955;2169
955;977
955;4293
955;976
955;12624
955;1080
955;1806
955;1819
517;2025
517;518
517;1621
517;13183
517;2024
914;2025
914;915
914;2026
914;3354
914;5751
1621;2025
1621;2024
2024;2025
2025;2026
2025;3041
2025;13821
2025;5751
2025;3040
442;444
442;443
443;444
444;13120
445;446
446;12535
446;6781
446;6433
446;12515
446;12536
446;12336
446;3558
446;12412
3558;12512
3558;6276
3558;12535
3558;3576
3558;6781
3558;12511
3558;12961
3558;12963
3558;12513
3558;12536
3558;12962
6433;12521
12336;12515
12412;12415
12412;12515
12412;12416
12412;12413
12412;12414
12535;12536
830;831
1654;6666
1654;13029
1654;13622
1654;2653
1654;12637
1654;12563
1654;13621
1654;2297
3375;3376
4321;5475
453;12389
12389;12390
2868;13218
457;458
457;8891
457;2521
457;2520
457;5691
457;13252
458;2521
458;5691
458;2520
462;464
462;3426
462;12742
464;3426
464;12742
465;466
465;13346
4626;13839
4626;12265
4626;4627
957;12512
957;12511
957;12513
957;3558
8421;8422
8421;12497
12497;12525
492;496
492;12671
492;3967
492;815
492;1992
492;2342
492;814
492;4156
492;12453
492;495
492;985
492;493
492;8464
492;1313
492;12688
492;2242
492;2341
492;494
492;12673
492;12672
492;13417
492;1939
492;2778
814;13417
814;1313
814;12688
814;1939
814;815
815;1313
474;14051
474;4057
474;2768
2768;14051
2768;4057
691;1027
691;1033
691;1319
691;12799
691;1034
691;3904
691;693
691;9137
1302;9056
1302;11521
1302;3360
1302;6551
1318;4166
1318;1563
1318;1606
1318;3744
1318;5004
1318;4165
1318;3743
1319;3360
1320;3050
1563;9789
1563;1606
3360;11521
3360;6551
6551;9056
6551;9596
6551;7943
6769;6770
12459;12460
12459;13045
1765;6299
1765;3806
1765;5485
1765;5484
1765;2041
1765;1839
1765;1838
1765;5487
1765;5645
1765;3699
1765;5486
3743;3744
4165;4166
4165;4358
4165;4357
4166;4358
4166;4357
4357;4358
5919;6546
5919;6545
6545;6546
976;2169
976;14124
976;977
976;4642
976;4732
976;4731
977;2169
977;14124
977;4642
977;4732
977;4731
2169;3461
2797;2799
2797;3387
2797;2798
2798;2799
2798;3387
2799;7942
2799;8584
2799;7943
2799;3387
3387;4166
3387;4165
3640;12840
5965;6564
5965;8562
5965;8737
6564;8562
6564;8737
6564;8561
8562;8737
5996;12346
12346;12347
491;493
491;494
491;496
491;495
491;492
493;1129
493;494
493;496
493;814
493;1313
493;495
493;829
493;3967
493;815
494;2242
494;2341
494;496
494;13417
494;2342
494;4156
494;814
494;1313
494;12688
494;495
494;2778
494;3967
494;1939
494;815
495;496
1939;12687
1939;13417
1939;12308
1939;12688
1939;12686
2341;2342
3967;4156
4156;14388
12453;12672
12453;12673
12453;12671
12671;12673
12671;12672
12672;12673
12688;13417
498;12322
498;500
498;12323
498;499
499;500
12322;12323
505;9082
505;2625
505;2062
505;506
505;1161
505;938
505;507
505;807
505;9678
2062;9082
2062;2625
2062;9678
2625;9082
2625;9678
9082;9678
800;12952
800;801
800;5490
801;6405
801;6406
801;2614
801;13633
1549;1912
1549;9597
2248;2658
2248;12698
2248;3103
541;1390
541;1391
541;1389
541;4215
1389;4215
1389;1391
1389;1392
1389;1393
1389;1390
1390;1391
1390;1392
1390;1393
1390;4215
1391;4215
1391;1392
1391;1393
1498;1500
1498;9049
1500;9049
1920;2223
1920;2225
1920;2224
2224;2225
4515;5232
12841;12881
3930;9058
3930;6112
3930;4106
3930;9057
4106;9058
4106;6112
4106;4107
4106;9057
6112;9057
9057;9058
554;12286
2196;12697
2196;12805
2196;12530
2196;7614
2196;13043
2196;2747
2196;7613
2196;12286
12530;12805
12530;12616
555;13960
555;13959
555;13921
555;5498
5498;13959
5498;13960
5498;13921
13921;13960
13921;13959
13959;13960
625;626
3655;3656
3655;6364
562;563
562;13986
562;4241
563;13986
563;4241
4241;4243
4241;4242
4241;4245
4241;4244
4241;13986
14232;14233
1168;8960
10518;13124
580;13515
580;581
580;13514
580;13108
580;13550
580;13549
580;13107
580;1385
580;13522
580;582
580;13106
580;13618
581;13108
581;13107
581;1385
581;582
581;13106
13106;13108
13106;13442
13106;13443
13106;13107
13107;13108
13514;13515
13514;13550
13514;13549
13514;13522
13514;13618
13549;13550
13549;13618
13550;13618
653;1396
653;12641
653;12406
653;12405
653;928
653;13432
653;12640
13442;13443
617;1876
584;13289
584;13162
584;13290
584;13288
13288;13290
13288;13289
13289;13290
588;13247
588;5801
588;13248
5801;13247
5801;13248
13247;13248
593;6525
1968;10303
1968;10304
1968;3069
1968;10302
1968;4218
597;1604
597;7267
597;742
597;743
742;1269
742;1271
742;743
742;8422
743;1270
743;1269
743;13441
743;1271
743;8422
1604;7267
598;599
599;3188
599;1186
1186;3188
605;2822
605;1771
605;1161
605;938
605;809
605;807
1771;6840
1771;14312
1771;3788
1771;8039
1771;9026
615;12983
615;616
615;617
616;617
620;2352
620;621
620;802
620;803
620;2351
802;2205
802;2499
802;5048
802;2136
802;5050
802;5168
802;2137
802;1291
802;5049
802;2807
802;5169
802;2204
802;803
802;1959
803;2136
803;2137
2351;2352
2351;4776
2351;8745
2351;4775
630;13083
630;13278
13083;13278
632;2479
632;2702
2479;2702
3197;13355
3197;13356
3528;4139
3528;4138
3528;4140
3528;4141
4139;9401
4139;4141
4139;4140
4139;9400
11591;13297
11591;13132
11591;13133
13355;13356
635;5273
635;1854
1854;5273
1854;12740
650;2839
650;2206
650;651
650;13055
651;2839
2206;13055
652;8318
652;8319
652;653
652;8317
652;8316
8316;8318
8316;8317
8316;8319
8317;8318
8317;8319
8318;8319
928;929
928;7253
928;13432
928;930
1396;12640
1396;12641
12405;12406
12640;12641
655;1423
655;1043
1043;1423
663;5783
663;10475
5783;10475
4592;12866
2801;7821
3262;3263
3262;4606
3262;9648
3263;13103
12634;12635
13621;13622
672;884
672;673
673;884
673;7616
682;2727
682;4717
682;1045
1780;3425
1780;2642
12455;12456
12606;12607
12631;12754
13370;13371
1033;1034
3904;9137
695;697
695;696
695;1684
696;697
696;1684
697;1684
706;708
711;941
711;12795
711;2009
711;12880
711;2404
711;12796
711;12879
941;1240
941;4346
941;12795
941;12880
941;12860
941;12796
941;3698
941;12879
12795;12796
12879;12880
713;12659
713;12660
12659;12660
716;4106
716;4107
718;3273
718;719
718;985
719;4822
719;4821
719;3114
719;2742
719;4820
4820;4822
4820;4821
4821;4822
885;887
885;886
1077;1078
1353;2242
1353;13300
1353;9625
1353;13299
1353;3821
1542;12729
1542;13293
1542;10022
1542;1543
1542;1544
1542;2435
1542;3638
1542;2275
1542;1545
1545;13293
1545;2435
1545;13173
1545;14137
1545;2275
1545;2790
1545;12721
1545;11819
1545;14079
1545;11820
1545;2626
1545;3638
1545;2627
1545;10900
1545;3639
1545;1941
1545;3714
1545;13320
1545;6287
1545;2001
1545;12855
1545;13157
2275;2789
2275;5947
2275;13293
2275;2435
2275;13173
2275;14137
2275;12721
2275;14079
2275;3638
2275;3714
2275;13320
2275;3999
2275;4240
2275;13157
6287;10900
12729;13298
733;949
733;5374
949;5374
1269;4227
1269;1270
1269;1272
1269;4226
1269;13441
1269;1271
1269;8422
1271;1272
1271;13441
1271;8422
1270;1272
1270;13441
1270;1271
4152;4156
4152;14388
12967;12968
13326;13327
763;765
763;9268
764;765
764;2340
764;766
764;2558
2340;2558
7517;12626
7517;14240
7517;14268
768;769
770;1368
770;6407
770;771
770;6408
771;2999
771;8790
771;8789
771;4942
1368;6407
1368;2623
1368;12627
1368;6408
6407;6408
2999;8789
2999;8790
8789;8790
772;9401
772;4139
772;2160
772;773
772;9400
2160;9401
9400;9401
9401;13606
774;12520
774;1374
774;13015
774;12979
774;13016
774;13017
774;1375
1374;12520
1374;13015
1374;12979
1374;13016
1374;13017
1374;1375
1375;12520
1375;13015
1375;12979
1375;13016
1375;13017
13015;13016
13015;13017
13016;13017
775;776
775;778
775;777
776;778
776;2335
776;2066
776;777
776;2063
776;5743
777;778
778;3739
778;2335
778;2066
778;2063
778;5743
2063;13256
2063;5558
2063;13386
2063;3111
2063;5743
2066;10858
2066;10859
785;5207
2019;2020
2349;2350
2833;2834
798;799
798;1874
798;1873
799;1874
799;13890
799;13099
799;1873
1873;1874
2614;6405
2614;6406
6405;6406
1291;2205
1291;1360
1291;1359
1291;1361
1291;4089
1291;2204
1291;1959
1959;2205
1959;2499
1959;5050
1959;2137
1959;5049
1959;5169
1959;8213
2136;2137
2137;2205
2137;2499
2137;5048
2137;2807
2137;2204
2204;2205
2204;2499
2205;2499
2205;5050
2205;2807
2205;5169
2499;5048
2499;5168
2499;2807
2499;5169
5049;5050
5049;5169
5049;8213
5050;5169
5168;5169
5169;8213
1211;12982
1211;12981
1211;8221
2873;4089
810;813
810;811
810;812
811;813
811;7517
811;14240
811;14268
811;812
14240;14268
832;2983
832;2984
2983;2984
834;5679
834;13392
834;8390
834;7475
5679;8390
5679;5680
7475;8390
835;836
838;13713
838;12257
840;13095
840;13094
13094;13095
842;11842
842;2002
842;3062
842;11841
842;939
3062;11841
3062;11842
11841;11842
848;849
848;850
849;850
864;1146
929;7314
929;3160
929;13012
929;1444
929;9873
929;12956
929;3159
929;7313
929;2445
929;12891
929;930
929;13399
929;1513
4472;4473
4472;5066
4472;7869
4472;9525
5066;9525
873;5590
873;5589
873;876
876;5590
876;5589
5589;5590
882;10674
882;883
882;2045
2045;10674
1529;1530
12997;12999
12997;12998
12998;12999
889;929
889;7314
889;7313
889;12956
889;891
889;1441
889;12891
889;890
890;929
890;3159
890;12956
890;1441
890;12891
890;3160
890;891
890;1444
890;1758
891;929
891;12956
891;1441
891;12891
891;1444
891;1758
1441;12303
7313;7314
12891;12956
1444;9873
3159;3160
3159;7222
892;896
892;895
892;894
892;897
892;893
893;896
893;895
893;894
893;897
894;896
894;895
894;897
895;896
895;897
896;897
1107;1818
1107;1108
1108;9586
1108;1414
1108;1712
1108;1771
1108;8039
909;3496
909;13282
909;13281
909;2870
909;910
910;2870
2870;13281
2870;13282
13281;13282
13167;13169
13167;13172
13167;13170
13167;13168
13167;13171
13168;13169
13168;13172
13168;13170
13168;13171
13169;13172
13169;13170
13169;13171
13170;13172
13170;13171
13171;13172
2026;5751
930;13399
930;9873
930;1444
4346;12860
942;943
942;13077
942;13076
942;944
943;4748
943;13077
943;13076
943;944
944;4748
944;13076
944;13077
13076;13077
950;953
950;951
950;954
950;952
950;3908
951;953
951;6613
951;12559
951;12561
951;954
951;12560
951;952
952;954
952;953
953;954
953;6574
953;2020
953;3908
954;6574
954;2020
954;3908
6613;12559
6613;12561
6613;12560
12559;12561
12559;12560
12560;12561
956;4378
1819;4293
12511;12512
12511;12513
12512;12513
959;2658
959;3103
959;2248
1073;7804
1073;4171
1073;1973
1073;3586
1073;5336
1073;1356
1073;2655
13006;13007
3103;10949
3103;5374
961;963
961;962
962;963
1354;12697
1354;13043
1354;2747
1354;2058
1354;2196
12697;13043
12697;12698
13043;13044
969;970
969;971
970;971
2067;2632
2067;7276
2067;7277
2632;7276
2632;7277
7276;7277
4642;4731
4642;4732
4731;4732
984;3454
984;1540
984;6355
984;985
2120;6352
2120;6353
2120;2122
2120;2121
2121;13619
2121;2122
5194;11741
6352;6353
10483;12377
10483;12379
10483;12378
12377;12379
12377;12378
12378;12379
990;992
990;991
991;992
992;8176
992;2012
992;3797
992;12186
992;8177
3797;8177
3797;8176
8176;12186
8176;8177
999;1000
999;2213
999;1001
1000;2213
1000;1001
1001;2213
1004;1005
1004;1006
1005;1006
1008;1009
1021;1022
1022;12757
1022;13243
1022;13000
12757;12758
12757;13243
12757;13000
13000;13243
1023;1024
2777;2778
1042;2060
1042;2061
1044;1045
3632;3633
1046;1048
1046;1047
1064;1066
1064;1065
1065;1066
1067;1258
1067;1255
1067;1161
1067;1257
1067;1256
1255;1258
1255;1257
1255;1256
1256;1258
1256;1257
1257;1258
2273;2274
2273;4240
2273;2275
2740;12506
1097;1098
1097;7562
1097;1344
1097;7561
1097;9668
1097;7563
1098;4436
1098;7562
1098;10910
1098;6308
1098;1344
1098;7561
1098;9668
1098;10271
1098;13943
1098;6307
1098;7563
1344;7562
1344;7561
1344;7563
7561;7562
7561;9668
7561;7563
7562;9668
7562;7563
7563;9668
7563;13943
9668;13943
6307;10271
6307;6308
6308;10271
1370;10507
1370;1371
1370;1611
1370;3607
1370;10506
1370;2196
1370;1893
1370;13284
1370;1892
1370;4917
1892;10507
1892;7614
1892;3607
1892;10506
1892;9648
1892;7613
1892;2196
1892;1893
1892;3262
1893;2196
5115;12314
5115;12578
7564;9564
7564;9565
9564;9565
1126;1127
1126;4374
1127;4374
1127;3750
1127;4307
1128;2027
1128;1173
1173;2027
1173;3213
1173;6993
1173;1175
1173;9572
1173;1174
1173;11461
1173;4809
1131;1134
1131;1133
1131;1132
1132;1134
1132;12284
1132;1133
1132;2417
1132;12275
1133;1134
2417;12273
2417;12284
2417;12426
2417;12425
2417;12274
2417;12275
12275;12633
12275;12470
12275;12284
12275;12424
12275;12426
12275;12425
12275;12427
1137;1138
1137;9181
1152;1153
1152;1154
1153;1154
1158;9731
1158;9729
1158;9730
9729;9731
9729;9730
9730;11964
9730;9731
9730;11966
9730;11965
9730;11967
9730;11963
3040;3041
1165;12518
1165;12519
12518;12519
1174;1175
3213;6993
3213;9572
3213;6824
3213;6823
4809;6993
4809;7258
4809;7257
6993;9572
1180;9398
1180;9399
9398;9399
1198;7896
1198;13023
1198;13091
13023;13091
1207;1209
1207;1208
1207;1210
1208;1209
1208;1346
1208;1210
1209;1210
1210;1346
8221;12982
8221;8223
8221;12981
8221;8222
12981;12982
1213;6840
1213;3738
1213;2595
1213;3788
1213;1771
1213;2594
1213;1537
1213;9026
1537;6840
1537;3738
1537;2595
1537;3788
1537;1771
1537;2594
1537;9026
2594;2595
2595;3738
2595;3788
3788;6840
3788;9026
6840;9026
1218;1219
1220;3896
1220;1221
3896;5787
1227;1228
1227;1229
2440;2441
2440;2442
1237;1238
1237;1239
1238;1239
7495;7496
1242;1243
1242;1244
1243;1244
1260;12840
1260;3640
1262;1291
1262;1263
1262;1264
4226;4227
1286;13163
1286;2057
1286;13294
1286;13265
13265;13294
1359;1361
1359;1360
1299;1301
1299;3442
1299;1300
1299;2619
1300;2620
1300;1301
1300;2619
1300;13102
1300;13227
1300;2621
1300;13228
1300;3442
1301;2620
1301;2619
1301;3442
2619;9587
2619;2620
2619;13102
2619;2621
2619;13152
2619;3442
3442;9587
3442;13102
2620;13102
2620;3442
2621;9587
2621;3442
13227;13228
13227;13400
2841;12330
2297;13029
2297;6666
12303;13043
12303;13044
12138;12139
1321;2456
1321;1322
1326;9599
1326;9598
9598;9599
2452;12889
2452;12890
12889;12890
13539;13542
13539;13540
13539;13541
13540;13542
13540;13541
13541;13542
1329;3336
1329;3333
1329;3334
1329;3335
3333;3336
3333;3334
3333;3335
3334;3336
3334;3335
3335;3336
1331;1333
1331;1332
1332;1333
1343;9080
1343;13272
1343;9081
1343;4607
1343;4142
4142;4143
4142;4144
9080;9081
1351;13213
1351;1352
1351;1353
1351;12928
1351;3821
1352;1353
12928;13213
13299;13300
5682;12960
5682;11502
1367;1368
4917;9177
4917;12092
4917;4918
4917;13284
4917;12093
10506;10507
4265;10514
1377;1379
1377;1380
1377;1378
1377;3542
1377;1381
1377;1944
1379;1381
1379;1380
1380;7729
1380;1381
1380;1944
1380;3494
1380;3493
1381;3542
1944;7729
1944;3494
1944;3493
3493;3494
3493;7729
3956;3957
1386;1388
1386;4807
1386;1387
1387;1388
1388;4807
1392;1393
1394;9294
1394;2764
1397;1398
1397;12295
1397;12296
1397;13178
1397;12297
1397;12294
1398;12295
1398;12296
1398;13178
1398;12297
1398;12294
12294;12295
12294;12296
12294;12297
12295;12296
12295;12297
12296;12297
1399;7255
1399;13440
1399;2801
1399;6686
1399;6751
1400;2089
2089;8583
2089;6686
1419;3995
1419;4246
1419;1751
1419;1420
1420;3995
1424;1770
1424;1771
1770;14312
1770;1771
1431;1432
1431;2664
1432;2664
1436;1440
1436;1437
1436;1438
1436;1439
1437;1440
1437;1438
1437;1439
1438;1440
1438;1439
1439;1440
1449;6456
1449;6455
6455;6456
2519;9934
2519;11028
2519;8420
8420;9934
8420;11028
9934;11028
1468;12845
1468;12844
1468;12846
12844;12845
12844;12846
12845;12846
1470;1471
1470;1472
1471;1472
1474;7259
1474;7260
1474;1756
1474;13378
1474;1754
1474;1475
1474;13379
1474;1755
1475;7259
1475;7260
1475;1756
1475;13378
1475;1754
1475;13379
1475;1755
1754;1756
1754;1755
1755;1756
7259;7260
13378;13379
1499;5666
1521;1523
1521;1522
1521;1525
1521;1524
1522;1523
1522;1524
1522;1525
1523;1524
1523;1525
1524;1525
1532;1533
1532;1534
1533;1534
1829;1831
1829;13519
1829;1830
1829;13520
2326;2329
2326;2330
2326;2331
2326;2327
2326;2332
2326;2328
2327;2329
2327;2330
2327;2331
2327;2332
2327;2328
2328;2329
2328;2330
2328;2331
2328;2332
2329;2330
2329;2331
2329;2332
2330;2331
2330;2332
2331;2332
9131;9133
9131;9132
9132;9133
13519;13520
1544;1545
2435;2627
2435;13293
2435;2626
3638;3639
1941;3639
1941;3638
2001;2275
2626;2627
3639;11819
3639;11820
4242;4243
4242;4245
4242;12479
4242;4244
4242;5925
5925;12479
11819;11820
12479;13985
12479;14021
1546;11646
1546;4011
1547;1548
1547;1549
1547;1912
1548;1549
1548;1912
5781;6175
5781;6174
6174;6175
1584;12827
1588;1591
1588;1590
1588;1589
1589;1590
1589;1591
1590;1591
1592;3233
1592;1594
1592;1735
1592;1736
1592;3234
1592;3232
1592;1593
1593;1735
1593;1594
1593;1736
1594;1736
1594;1735
1735;3233
1735;1736
1735;3234
1735;3232
1736;3233
1736;3234
1736;3232
3232;3233
3232;3234
3233;3234
1597;4835
1597;7686
1597;7685
1597;7688
1597;7687
7685;7686
7685;7688
7685;7687
7686;9543
7686;7688
7686;7687
7687;7688
7687;9543
1599;4286
1599;4287
4286;4288
4286;4287
4287;4288
1603;8724
1603;13331
1603;6936
1603;6935
6935;8724
6935;6936
4240;4243
4240;4242
4240;4245
4240;4244
4240;4241
1635;2485
1636;4887
1636;13369
1636;13135
13135;13369
2411;12723
2411;12782
1651;1653
1651;1652
1651;1654
1652;1653
1652;1654
1653;1654
1673;1675
1673;1674
1674;1675
1680;1681
1682;3192
1682;3194
1682;3193
1682;4467
1682;1683
3192;3194
3192;3193
3193;3194
1691;3529
1691;7386
3529;7386
1694;1695
1696;10541
1696;8020
8020;10541
1705;1706
1705;13438
12943;12946
12943;12945
12943;12944
12944;12945
12944;12946
12945;12946
5902;5903
1713;10749
1713;10748
1713;3437
1713;10751
1713;10750
1713;3435
1713;1714
1713;3436
1713;2029
2029;10749
2029;10748
2029;3437
2029;10751
2029;10750
2029;2030
3435;3436
3435;3437
3436;3437
3437;10749
3437;10748
3437;10751
3437;10750
10748;10749
10748;10751
10748;10750
10749;10751
10749;10750
10750;10751
1725;1726
1733;1734
1734;12461
1741;1742
1750;2742
1750;10677
4946;4947
4946;4948
4947;4948
7315;7316
1763;3806
1763;5485
1763;5484
1763;1839
1763;12703
1763;1764
1763;1838
1763;1765
1763;5487
1763;5645
1763;12419
1763;5486
1764;1765
1838;1839
3806;5485
3806;5487
3806;5645
3806;3807
5484;5485
5484;5486
5485;5487
5485;5486
5486;13225
5486;6848
5486;13226
5645;12419
1766;1767
1766;12402
1766;5680
1767;4297
1767;12402
1767;12293
1767;4296
1767;5680
12293;12402
1779;1780
1779;2642
1782;12694
1782;12581
1782;10453
10453;12694
10453;12581
1811;1812
1813;12522
1814;12376
12376;12380
12376;12381
1820;1821
1820;11114
1821;3496
1821;3131
1821;11114
1821;13731
1821;3396
1821;3130
1821;3132
3130;3131
3130;3132
3131;3132
1822;1823
1823;10039
1827;3576
1827;3558
3576;12311
1830;1831
1853;12740
1853;1854
8164;8837
8164;8835
8164;8836
8835;8837
8835;8836
8836;8837
1883;1884
1883;1885
1884;1885
1886;12457
7613;7614
1899;1901
1899;1900
1899;1902
1900;1902
1900;1901
1901;12771
1901;5167
1901;12766
1901;12767
1901;12770
1901;12769
1901;1902
1901;12768
1901;12765
5167;12771
5167;12766
5167;12767
5167;12770
5167;12769
5167;12768
5167;12765
12765;12771
12765;12766
12765;12767
12765;12770
12765;12769
12765;12768
12766;12771
12766;12767
12766;12770
12766;12769
12766;12768
12767;12771
12767;12770
12767;12769
12767;12768
12768;12771
12768;12770
12768;12769
12769;12771
12769;12770
12770;12771
1905;1906
1905;1908
1905;1907
1906;1907
1906;1908
1907;1908
13866;13867
12308;13570
12308;12687
12308;12686
12308;13544
12308;12309
12686;13570
12686;12687
12686;13544
1945;6564
1945;8562
1945;3716
1945;12815
1945;6563
1945;12814
1945;8561
6563;6564
6563;8562
6563;8561
8561;8562
12814;12815
1950;10112
1950;10111
10111;10112
1954;1955
1954;2631
1955;3081
1955;2631
1955;3079
1955;3080
1955;3082
3079;3080
3079;3082
3079;3081
3080;3082
3080;3081
3081;3082
1966;7083
1966;14161
7083;10540
5159;5160
5159;5161
10302;10303
10302;10304
10303;10304
1969;3527
1969;8825
1969;1972
1969;1970
1969;9040
1969;9755
1969;9041
1969;1971
1970;1972
1970;8825
1970;3527
1970;9040
1970;9755
1970;9041
1970;1971
1971;1972
3527;8825
3527;9755
8825;9755
9040;9041
1974;4405
1974;4408
1974;4406
1974;4407
1974;4409
1974;4404
4404;4408
4404;4405
4404;4406
4404;4407
4404;4409
4405;4408
4405;4406
4405;4407
4405;4409
4406;4408
4406;4407
4406;4409
4407;4408
4407;4409
4408;4409
1977;4200
1977;4201
1977;4202
4200;4201
4200;4202
4201;4202
1993;1994
1993;1995
1994;1995
5843;5845
5843;5844
5843;13494
5843;12583
2003;2004
2003;5427
2003;12804
12474;12475
2006;9727
2006;7707
2006;2007
2006;7708
2006;9728
2006;4616
2006;7709
2007;9727
2007;7707
2007;7708
2007;9728
2007;4616
2007;7709
2007;6696
2007;6695
4616;7707
4616;7708
4616;7709
7707;7708
7707;7709
7708;7709
9727;9728
6695;6696
13249;13251
13249;13250
13250;13251
2022;6088
2022;2966
2022;6606
2022;2685
2022;5055
2022;2965
2965;6088
2965;2966
2965;6606
2965;5055
5055;6088
5055;6606
5619;5620
6088;6606
2023;2623
2028;2030
2028;2029
2032;2773
2773;2882
2773;2881
5396;8947
5396;10591
5396;10592
5396;10593
5396;8948
5983;5984
5983;5986
5983;5985
5984;5986
5984;5985
5985;5986
8947;10591
8947;10592
8947;10593
8947;8948
8948;10591
8948;10592
8948;10593
10591;10592
10591;10593
10592;10593
5120;5121
2420;10308
2420;9039
2420;9038
2420;9037
13197;13229
3111;13256
3111;5558
3111;13386
3111;12794
5558;12794
5558;13049
2065;2066
10858;10859
2081;2082
2099;13893
2099;13892
13892;13893
2150;2151
2150;2152
2151;2152
2178;2180
2178;2181
2178;2179
2178;2182
2179;2180
2179;2182
2179;2181
2180;2181
2180;2182
2181;2182
2186;2187
2186;2189
2186;2188
2187;2189
2187;2188
2188;2189
2197;3319
2197;12906
2197;2199
2197;12905
2197;3318
2199;3318
2199;3319
2199;12713
3318;3319
3318;3320
3319;3320
12905;12906
2207;2208
2207;4809
2207;7257
2207;7258
7257;7258
2265;4547
2265;4546
2265;13574
4546;4547
2274;2275
2274;4240
2274;2789
2281;2282
2283;8462
2283;2284
2283;13458
2283;13372
2283;8463
2283;12738
2283;12854
2283;12645
2283;12644
8462;8463
12644;12645
12644;12680
2309;2310
2309;5092
2309;2311
2310;5092
2310;2311
2311;5092
2315;6848
2315;13270
2315;13271
2315;13269
13269;13270
13269;13271
13270;13271
2323;2325
2323;2324
2324;2325
4775;4776
4776;10833
4776;10831
4776;8745
4776;10832
2357;4988
2357;6965
2357;2979
2357;3495
2357;2358
2357;2359
2358;2359
2359;4988
2979;3495
3495;4988
3371;13160
7365;7366
7366;11208
2402;3823
2402;3825
2402;3826
2402;3824
3823;3825
3823;3826
3823;3824
3824;3826
3824;3825
3825;3826
2415;13310
12273;12274
12273;12275
12274;12275
12425;12470
12425;12426
12425;12427
12426;12427
9037;9039
9037;9038
9038;9039
2421;2422
5640;5642
5640;5641
5640;5643
5641;5642
5641;5643
5642;5643
8879;8880
8879;13062
8879;8881
8879;8883
8879;8882
2443;2444
2451;2452
2451;13332
2488;8671
2488;8673
2488;8672
8671;8673
8671;8672
8672;8673
2495;3733
2495;2496
2496;3733
2498;10944
2498;10943
10943;10944
5044;5045
2536;2538
2538;7131
2543;7008
2543;3514
3514;7008
2551;2552
2555;12861
2555;10027
2555;10028
2555;2556
2556;12861
2556;10027
2556;10028
10027;10028
2564;2565
2580;2581
2585;2586
2591;10549
2591;10550
2591;10551
10549;10551
10549;10550
10550;10551
2596;4085
2596;2597
2599;2779
2599;2601
2599;2600
2600;7539
2600;7540
2600;2601
2600;2779
7539;7540
2604;7426
2604;7428
2604;2608
2604;2607
2604;7427
2604;7425
2607;7426
2607;7428
2607;2608
2607;7427
2607;7425
2608;7426
2608;7428
2608;7427
2608;7425
7425;7426
7425;7428
7425;7427
7426;7428
7426;7427
7427;7428
7427;14061
7427;14062
9587;13227
9587;9588
9587;13228
9587;9589
7937;7938
12584;12763
2639;13274
2639;13275
13274;13275
2647;2648
2647;2649
2647;2650
2648;2650
2648;2649
2649;2650
2695;2696
2719;2720
2719;2721
2739;2740
12506;12733
2759;2760
2759;2761
2760;7251
2760;9909
2760;2761
2760;9908
2761;4078
2761;9183
9908;9909
4078;9183
4078;13333
2774;5614
2782;2783
2782;2784
2783;2784
7942;8584
7942;7943
2826;5981
13110;13111
2857;4943
2857;4752
4752;4943
2862;2863
2866;2867
2867;3182
2872;5409
2872;5408
5408;5409
2944;2946
2944;2945
2944;2947
2945;2947
2945;2946
2946;2947
2960;2961
2972;2973
3036;5094
3036;5093
3036;3037
5093;5094
3052;3053
3053;5548
3053;5547
5547;5548
3086;13385
3086;13383
3086;13384
13383;13385
13383;13384
13384;13385
3113;3115
3113;3116
3113;3117
3113;3114
3115;3116
3115;3117
3116;3117
3139;8910
3139;8909
3139;8908
8908;8910
8908;8909
8909;8910
3152;3153
3152;3154
3153;3154
3154;4078
3154;13333
7222;7223
3168;3170
3168;3169
3169;3465
3169;3466
3169;3170
3465;3466
5678;5679
5678;5680
5678;7475
3209;3211
3209;3210
3210;3211
6823;6824
3217;3220
3217;3222
3217;3219
3217;3218
3217;3221
3217;3223
3218;3220
3218;3222
3218;3219
3218;3221
3218;3223
3219;3220
3219;3222
3219;3221
3219;3223
3220;3222
3220;3221
3220;3223
3221;3222
3221;3223
3222;3223
3265;3266
3265;3269
3265;3268
3265;3267
3266;13053
3266;13054
3266;13206
3266;3267
3266;3268
3266;3269
3267;3268
3267;3269
3268;3269
13053;13054
13054;13206
3275;3787
3275;3277
3275;3276
3276;3787
3276;3277
3277;3787
3278;12463
3278;12506
3278;12733
12463;12464
12463;12506
12463;12733
3289;3291
3289;3292
3289;3290
3290;13609
3290;3291
3290;13610
3290;3292
3291;3292
3292;3836
13609;13610
3301;12688
3305;13768
3350;8698
3350;8699
3350;8697
8697;8698
8697;8699
8697;11770
8698;8699
3366;6365
3366;5749
5749;6365
6365;12675
6365;12674
3401;3403
3401;3404
3401;3402
3402;3403
3402;3404
3403;3404
3447;4781
3447;12678
3447;12679
3447;4780
4780;4781
12678;12679
12679;13555
12679;13556
3462;13312
3462;13313
13312;13313
3497;3499
3497;3498
3498;3499
3513;3514
3523;3524
9588;9589
6276;12961
6276;12962
6276;12963
12961;12962
12961;12963
12962;12963
3563;3566
3563;3564
3563;3565
3564;3566
3564;3565
3564;5736
3565;3566
3572;9412
3572;9411
9411;9412
3609;12633
3609;12275
3609;7473
7473;7474
7473;12275
7473;12633
3620;3621
3646;13311
3646;13309
13309;13311
3664;7700
3664;5593
5593;7700
3687;12204
3689;12833
3689;12835
3689;3691
3689;3690
3689;12834
3690;3691
12833;12835
12833;12834
12834;12835
3696;3697
3740;3741
3740;3742
3741;3742
3746;3747
3767;3776
3767;12788
3776;13838
3776;12788
3793;8915
3793;3794
3793;5204
3794;5204
3829;6265
3829;6266
6265;12684
6265;9390
6265;9389
6265;12685
6265;6266
6266;9390
6266;9389
3837;3838
7228;7229
7228;7230
7229;7230
3870;4531
3870;3871
3870;4532
3870;3872
3871;3872
4531;4532
3876;13135
12449;12450
3935;5039
3935;5038
3935;5040
3935;4501
4501;5038
4501;5039
4501;5040
5038;5039
5038;5040
5039;5040
3936;3942
3936;3939
3936;3937
3936;3940
3936;3938
3936;3941
3937;3942
3937;3939
3937;3940
3937;3938
3937;3941
3938;3942
3938;3939
3938;3940
3938;3941
3939;3942
3939;3940
3939;3941
3940;3942
3940;3941
3941;3942
3943;3944
3943;3945
3944;3945
3945;8385
3945;8383
3945;8384
8383;8384
8383;8385
8384;8385
3968;3969
3968;3970
3969;3970
4012;12995
4059;4917
4059;4918
4918;12092
4918;12093
4084;4085
4099;11939
4099;11425
4099;4100
4113;5662
4113;9543
4113;7687
4113;7686
5662;9543
5662;7687
5662;7686
4114;4115
4143;4144
4209;4210
4209;4211
4209;4212
4210;4211
4210;4212
4211;4212
4243;4245
4243;4244
4244;4245
4256;4257
4275;4276
4275;4277
4276;4277
10421;13204
10421;13205
13204;13205
13480;13481
13480;13483
13480;13482
13480;13484
13481;13483
13481;13482
13481;13484
13482;13483
13482;13484
13483;13484
4295;9114
6145;6146
4308;11636
4308;11637
4308;11635
4308;6279
6279;11636
6279;11637
6279;11635
11635;11636
11635;11637
11636;11637
4315;4316
4359;4363
4359;4361
4361;4363
4365;14430
4365;6066
4365;14431
6066;13064
6066;14431
6066;14430
6066;8480
6066;13063
6066;8479
14430;14431
4499;4500
4499;5853
4500;5853
4527;8496
4535;4839
4535;4840
4839;4840
4582;12894
4582;12895
12894;12895
4625;4627
4625;4626
4625;9027
4627;9027
4645;4646
4671;4673
4671;4672
4672;4673
4681;6751
4737;4740
4737;4739
4737;4738
4738;4740
4738;4739
4739;4740
10831;10833
10831;10832
10832;10833
4783;4785
4783;4784
4784;4785
4875;4876
4875;4877
4876;4877
6006;9508
6006;9509
6006;9507
9507;9508
9507;9509
9508;9509
4908;4909
12092;12093
13563;13564
13563;13565
13564;13565
4941;6848
4941;6847
6847;6848
4969;9403
4969;9266
4969;14141
4969;14140
4969;14142
4969;14139
9266;9403
9266;14141
9266;14140
9266;14142
9266;14139
9403;14141
9403;14140
9403;14142
9403;14139
14139;14141
14139;14140
14139;14142
14140;14141
14140;14142
14141;14142
5010;5011
5010;12279
5010;12277
5010;12276
5010;12278
5011;12279
5011;12277
5011;12276
5011;12278
12276;12279
12276;12277
12276;12278
12277;12279
12277;12278
12278;12279
5030;5031
5056;5057
5087;11912
5114;5115
12314;12578
5138;5139
5205;5206
5237;5238
5284;5285
5295;5296
5295;5297
5296;5297
5357;5358
5371;5372
5372;12454
5372;14270
5372;14269
14269;14270
5377;6628
5404;12404
5404;5405
5405;12404
13394;13395
5432;5433
5432;5434
5433;5434
5457;5458
13225;13226
5555;11776
5555;5556
5555;11775
5555;11777
5556;11776
5556;11777
5556;11502
5556;11775
5556;5682
11775;11776
11775;11777
11776;11777
5600;12821
5600;12822
12821;12822
5627;13923
5655;5656
5683;5684
5687;5688
5754;5757
5754;5755
5754;5756
5754;5758
5755;5757
5755;5758
5755;5756
5755;12569
5756;5757
5756;5758
8552;8553
5813;5816
5813;5815
5813;5814
5814;5815
5814;5816
5815;5816
5830;8540
5844;5845
5849;7428
5892;10603
5892;5893
5893;10603
5906;5907
6005;6006
6052;10940
6052;14325
10940;14325
10940;10942
10940;10941
8479;8480
13063;13064
6082;6083
9660;9661
9660;9662
9661;9662
12595;12596
6234;9556
6234;9555
9555;9556
6245;6251
6245;13652
6251;13652
6252;6253
9389;9390
12684;12685
6285;6286
6329;6330
6329;6331
6330;6331
6350;9794
6350;7735
6350;9795
7735;9794
7735;9795
9794;9795
12674;12675
6382;11041
6395;6396
6395;6398
6395;6397
6395;6399
6396;6398
6396;6397
6396;6399
6397;6398
6397;6399
6398;6399
6437;6438
6461;14378
6502;11964
6502;9730
6502;11966
6502;11965
6502;11967
6502;11963
11963;11964
11963;11966
11963;11965
11963;11967
11964;11966
11964;11965
11964;11967
11965;11966
11965;11967
11966;11967
6543;6794
6580;12325
6591;6592
6611;6613
6611;6612
6612;6613
6635;13389
6654;6655
6762;11986
6762;11985
11985;11986
13604;13605
6997;6999
6997;7000
6999;7000
7011;7289
7011;12803
7011;12801
7011;12802
7011;12800
7011;7293
7289;12803
7289;12801
7289;12800
7289;12802
7289;7293
7293;12803
7293;12801
7293;12802
7293;12800
12800;12803
12800;12801
12800;12802
12801;12803
12801;12802
12802;12803
7029;7031
7029;7030
7030;7031
7043;7044
7060;12540
7060;12541
12540;12541
7173;7174
7182;7183
7202;7203
7221;7223
7221;7222
7265;7266
7268;12780
7367;8036
14061;14062
7486;7487
7486;11108
7486;11109
11108;11109
7530;7531
7531;7532
7569;7570
7588;7589
7588;7590
7589;7590
7746;7747
7746;7748
7747;7748
8062;12702
8062;12700
8062;12699
8062;12701
12699;12702
12699;12700
12699;12701
12700;12702
12700;12701
12701;12702
8110;8112
8110;8111
8111;8112
8121;13061
8121;13058
8121;13237
8121;13238
8121;13059
8121;13060
13058;13061
13058;13237
13058;13238
13058;13059
13058;13060
13059;13061
13059;13060
13060;13061
13061;13237
13061;13238
13237;13238
8222;8223
8258;8259
8258;8260
8259;8260
8267;12585
8267;12586
12585;12586
8320;8322
8320;8321
8321;8322
8349;13570
8349;13316
8349;12308
8349;12686
8349;13636
8349;13544
13570;13636
8391;8392
8604;13121
8604;13123
8604;13122
13121;13123
13121;13122
13122;13123
8618;8622
8618;8619
8618;8620
8618;8621
8619;8622
8619;8620
8619;8621
8620;8622
8620;8621
8621;8622
11770;13475
8746;14487
8746;10029
10029;14487
8796;8797
8876;8877
8876;8878
8877;8878
8880;8882
8880;8883
8880;8881
8881;8882
8881;8883
8882;8883
9073;9074
9129;9130
9154;9155
9154;9156
9154;9157
9155;9156
9155;9157
9156;9157
9159;9164
9159;9162
9159;9163
9159;9166
9159;9161
9159;9165
9159;9160
9160;9164
9160;9162
9160;9163
9160;9166
9160;9161
9160;9165
9161;9164
9161;9162
9161;9163
9161;9166
9161;9165
9162;9164
9162;9163
9162;9166
9162;9165
9163;9164
9163;9166
9163;9165
9164;9166
9164;9165
9165;9166
9184;11392
9252;9253
9295;12098
9295;9297
9297;12098
9370;9371
9474;9475
9582;9585
9582;9584
9582;9583
9583;9585
9583;9584
9584;9585
9612;12792
9612;12791
9612;12793
12791;12792
12791;12793
12792;12793
9627;9628
9627;9629
9628;9629
9641;9642
9641;9643
9642;9643
9655;9656
9775;9776
9775;9777
9776;9777
9781;9783
9781;9782
9782;9783
9929;9930
9953;9954
10071;10072
10071;10073
10072;10073
10151;10152
10175;12454
10178;10179
10219;10220
10281;10282
10376;10378
10376;10377
10377;10378
10770;10771
10941;10942
11126;11127
11314;11316
11314;11315
11315;11316
11370;11371
11434;11435
13132;13297
13132;13133
13133;13297
11705;11706
11705;11707
11706;11707
12052;12053
12070;12071
12070;12073
12070;12072
12071;12073
12071;12072
12072;12073
12749;12750
12749;12751
14289;14290
12141;12415
12141;12416
12141;12413
12141;12414
12141;12412
12413;12415
12413;12416
12413;12414
12414;12415
12414;12416
12415;12416
12179;12472
12179;12471
12471;12472
12424;12427
12424;12426
12424;12425
12427;12470
12285;12286
12285;12287
12289;12290
12300;12302
12300;12301
13415;13416
12305;12306
12305;12307
12305;12308
12305;12309
12306;12307
12306;12308
12306;12309
12307;12308
12307;12309
12333;12334
12343;12344
12343;12345
12344;12345
12359;12360
12359;12362
12359;12361
12360;12362
12360;12361
12361;12362
12367;12371
12367;12368
12367;12370
12367;12369
12368;12371
12368;12370
12368;12369
12369;12371
12369;12370
12370;12371
12380;12381
12408;13558
12408;12409
12408;13557
12409;13558
13557;13558
12417;12418
12430;12431
12430;12432
12431;12432
12433;12434
12435;12469
12435;12436
12438;12439
12477;12478
12484;12485
12489;12491
12489;12490
12489;12761
12489;12762
12490;12491
12490;12762
12490;12761
12491;12761
12491;12762
12761;12762
12528;12529
12543;12544
12546;12547
12552;12553
12552;12554
12553;12554
12558;13654
12558;13655
13654;13655
12564;12565
12572;12573
12575;12576
12577;12772
12772;13935
12587;12588
12587;12589
12588;12589
12593;12594
12598;13524
12639;13079
12639;13081
12639;13078
12639;13080
13078;13080
13078;13081
13078;13079
13079;13080
13079;13081
13080;13081
12649;12651
12649;12650
12650;12651
12661;12662
13555;13556
12689;12691
12689;12693
12689;12692
12689;12690
12690;12691
12690;12693
12690;12692
12691;12693
12691;12692
12692;12693
12696;12698
12696;12697
12712;12726
12712;12727
12726;12727
12716;12717
12732;13024
12745;12747
12745;12746
12746;12747
12773;12774
12775;12778
12775;12779
12775;12777
12775;12776
12776;12778
12776;12777
12776;12779
12777;12779
12777;12778
12778;12779
12783;12784
12816;12817
12823;12824
12823;12826
12823;12825
12824;12826
12824;12825
12825;12826
12842;12843
12848;12849
13200;13202
13200;13201
13201;13202
12875;12877
12875;12878
12875;12876
12876;12878
12876;12877
12877;12878
12882;12883
12882;12884
12883;12884
12892;12893
12892;13203
12908;12909
12908;12910
12909;12910
12911;12922
12911;12912
12911;12914
12911;12924
12911;12915
12911;12917
12911;12921
12911;12919
12911;12918
12911;12916
12911;12920
12911;12923
12911;12913
12912;12922
12912;12914
12912;12924
12912;12915
12912;12917
12912;12921
12912;12919
12912;12918
12912;12916
12912;12920
12912;12923
12912;12913
12913;12922
12913;12924
12913;12915
12913;12917
12913;12921
12913;12919
12913;12918
12913;12916
12913;12920
12913;12923
12913;12914
12914;12922
12914;12924
12914;12915
12914;12917
12914;12921
12914;12919
12914;12918
12914;12916
12914;12920
12914;12923
12915;12922
12915;12924
12915;12917
12915;12921
12915;12919
12915;12918
12915;12916
12915;12920
12915;12923
12916;12922
12916;12924
12916;12917
12916;12921
12916;12919
12916;12918
12916;12920
12916;12923
12917;12922
12917;12924
12917;12921
12917;12919
12917;12918
12917;12920
12917;12923
12918;12922
12918;12924
12918;12921
12918;12919
12918;12920
12918;12923
12919;12922
12919;12924
12919;12921
12919;12920
12919;12923
12920;12922
12920;12924
12920;12921
12920;12923
12921;12922
12921;12924
12921;12923
12922;12924
12922;12923
12923;12924
12925;12927
12925;12928
12925;12926
12926;12927
12926;12928
12927;12928
12936;12937
12936;12938
12937;12938
12939;12940
12939;12941
12940;12941
12951;12952
12969;12970
12990;12992
12990;12991
12991;12992
13001;13002
13003;13004
13004;13587
13004;13588
13587;13588
13005;13007
13005;13006
13018;13019
13018;13020
13019;13020
13038;14367
13038;13040
13038;13039
13039;13040
13072;13073
13072;13074
13072;13075
13073;13075
13073;13074
13074;13075
13085;13086
13100;13101
13143;13144
13143;13145
13144;13145
13147;13424
13147;13148
13195;13196
13239;13240
13244;13245
13335;13337
13335;13336
13336;13337
13360;13362
13360;13361
13361;13362
13380;13382
13380;13381
13381;13382
13387;13388
13393;13509
13393;13510
13393;13512
13393;13511
13393;13513
13509;13510
13509;13512
13509;13511
13509;13513
13510;13512
13510;13511
13510;13513
13511;13512
13511;13513
13512;13513
13397;13398
13411;13873
13421;13422
13446;13447
13454;13455
13456;13457
13468;13469
13473;13474
13486;13487
13526;13527
13526;13531
13526;13529
13526;13528
13526;13530
13527;13531
13527;13529
13527;13528
13527;13530
13528;13531
13528;13529
13528;13530
13529;13531
13529;13530
13530;13531
13533;13534
13559;13560
13580;13581
13580;13582
13581;13582
13597;13599
13597;13598
13598;13599
13607;13608
13614;13615
13700;13755
13700;13754
13754;13755
13852;13858
13852;13854
13852;13853
13852;13855
13853;13854
13853;13855
13854;13858
13854;13855
13978;13980
13978;13979
13979;13980
14263;14264
14444;14445
