13;297
13;323
13;983
13;886
297;698
297;983
297;323
297;886
297;730
323;626
323;2907
323;557
323;983
323;886
886;983
14;12960
14;1360
1360;13301
1360;12960
12960;13301
17;133
17;573
17;3353
133;11822
133;11823
133;1190
133;3353
133;573
573;3353
573;2697
19;2161
19;10312
19;6334
19;1244
19;2162
1244;2161
1244;2162
2161;3101
2161;10312
2161;6334
2161;2162
36;1747
36;38
36;1743
36;14403
36;12760
38;1747
38;1743
38;14403
38;1304
38;14279
38;12760
38;12392
1743;1747
1743;14403
1743;12760
1747;9082
1747;3848
1747;3846
1747;14443
1747;3849
1747;14403
1747;14442
1747;3847
1747;3845
1747;12392
37;38
37;44
37;1304
37;14279
37;159
37;12392
44;1414
44;515
44;108
44;1304
44;159
159;5082
159;1414
159;5081
159;7204
159;212
159;1304
159;745
1304;2344
1304;12392
1304;14279
1304;2001
12392;14442
12392;14279
12392;14443
39;9865
39;10639
39;995
39;412
39;8429
39;8427
39;10640
39;2516
39;8428
39;9866
39;3183
412;8427
412;8428
412;8429
995;6164
2516;3183
8427;8428
8427;8429
8428;8429
9865;9866
10639;10640
108;11911
108;11910
108;1289
108;515
515;2745
515;1278
515;1418
515;1276
515;1277
1414;7204
45;3829
45;47
47;3829
47;6600
47;7950
47;4969
3829;6600
3829;7950
3829;4969
4969;6600
4969;7950
4969;4970
6600;7950
52;272
52;1712
52;3190
52;298
52;1711
52;3191
272;3190
272;298
272;1711
272;3191
298;4087
298;3190
298;4086
298;1711
298;3191
1711;3617
1711;1712
1711;3618
1711;3190
1711;3619
1711;3191
3190;3191
54;12774
54;6621
54;6623
54;12773
54;898
54;6622
54;4481
898;12774
898;12773
4481;6621
4481;6623
4481;6622
6621;6622
6621;6623
6622;6623
12773;12774
58;59
59;14330
59;14331
59;14328
59;14466
59;7811
59;14332
59;14333
59;14329
7811;14331
7811;14330
7811;14328
7811;14466
7811;14332
7811;14333
7811;14329
14328;14330
14328;14331
14328;14332
14328;14333
14328;14329
14329;14330
14329;14331
14329;14333
14329;14332
14330;14331
14330;14466
14330;14332
14330;14333
14331;14332
14331;14333
14332;14333
62;10614
62;10610
62;10612
62;10613
62;5300
62;9934
62;10609
62;10611
62;12035
62;1211
62;4837
1211;10614
1211;10610
1211;12025
1211;10612
1211;10613
1211;12023
1211;6643
1211;5300
1211;10609
1211;1259
1211;12026
1211;10611
1211;7947
1211;6642
1211;12024
1211;6644
4837;9934
4837;12035
5300;10614
5300;10610
5300;10612
5300;10613
5300;10609
5300;10611
9934;10913
9934;14441
9934;11028
9934;14371
9934;12035
10609;10614
10609;10610
10609;10612
10609;10613
10609;10611
10610;10614
10610;10612
10610;10613
10610;10611
10611;10614
10611;10612
10611;10613
10612;10614
10612;10613
10613;10614
72;317
72;1911
317;12751
317;1911
317;12748
317;12082
317;12750
1911;10142
1911;3780
1911;2824
1911;2825
73;2878
73;625
73;818
73;2879
73;817
73;1543
73;829
73;4461
625;626
625;818
625;817
817;818
829;2878
829;2879
829;1543
829;4461
1543;3714
1543;2275
1543;4461
1543;1545
1543;2001
2878;3141
2878;2879
4461;4462
4461;4463
79;10747
79;10734
79;10735
79;10737
79;10742
79;10743
79;10733
79;313
79;10744
79;7778
79;312
79;10740
79;10745
79;10741
79;10746
79;10736
79;3625
79;10739
79;10738
312;10747
312;10734
312;10735
312;10737
312;10742
312;10743
312;4844
312;10733
312;313
312;10744
312;7778
312;10740
312;10745
312;10741
312;10746
312;4379
312;10736
312;3625
312;10739
312;10738
313;10747
313;10734
313;10735
313;10737
313;10742
313;10743
313;4844
313;10733
313;10744
313;7778
313;10740
313;10745
313;10741
313;10746
313;4379
313;10736
313;3625
313;10739
313;10738
3625;10747
3625;10734
3625;10735
3625;10737
3625;10742
3625;10743
3625;10733
3625;10744
3625;7778
3625;10740
3625;10745
3625;10741
3625;10746
3625;10736
3625;10739
3625;10738
7778;10747
7778;10734
7778;10735
7778;10737
7778;10742
7778;10743
7778;10733
7778;10744
7778;10740
7778;10745
7778;10741
7778;10746
7778;10736
7778;10739
7778;10738
10733;10747
10733;10734
10733;10735
10733;10737
10733;10742
10733;10743
10733;10744
10733;10740
10733;10745
10733;10741
10733;10746
10733;10736
10733;10739
10733;10738
10734;10747
10734;10735
10734;10737
10734;10742
10734;10743
10734;10744
10734;10740
10734;10745
10734;10741
10734;10746
10734;10736
10734;10739
10734;10738
10735;10747
10735;10737
10735;10742
10735;10743
10735;10744
10735;10740
10735;10745
10735;10741
10735;10746
10735;10736
10735;10739
10735;10738
10736;10747
10736;10737
10736;10742
10736;10743
10736;10744
10736;10740
10736;10745
10736;10741
10736;10746
10736;10739
10736;10738
10737;10747
10737;10742
10737;10743
10737;10744
10737;10740
10737;10745
10737;10741
10737;10746
10737;10739
10737;10738
10738;10747
10738;10742
10738;10743
10738;10744
10738;10740
10738;10745
10738;10741
10738;10746
10738;10739
10739;10747
10739;10742
10739;10743
10739;10744
10739;10740
10739;10745
10739;10741
10739;10746
10740;10747
10740;10742
10740;10743
10740;10744
10740;10745
10740;10741
10740;10746
10741;10747
10741;10742
10741;10743
10741;10744
10741;10745
10741;10746
10742;10747
10742;10743
10742;10744
10742;10745
10742;10746
10743;10747
10743;10744
10743;10745
10743;10746
10744;10747
10744;10745
10744;10746
10745;10747
10745;10746
10746;10747
80;1623
80;4364
80;89
80;557
80;515
80;208
80;471
208;4802
208;3313
208;2431
208;473
208;12175
208;3841
208;3078
208;3075
557;625
557;2495
557;983
557;14434
557;14418
557;2907
557;14391
557;3289
557;626
557;12711
557;14419
557;947
557;2908
557;14392
557;14393
557;946
557;3973
90;676
11910;11911
111;14273
111;12844
111;12845
111;1468
111;14274
111;6062
111;12846
111;14272
111;14271
111;7315
1468;14273
1468;12844
1468;12845
1468;14274
1468;12846
1468;1469
1468;14271
1468;14272
6062;7315
12844;14273
12844;14315
12844;14318
12844;12845
12844;14274
12844;12846
12844;14316
12844;14271
12844;14272
12844;14317
12845;14273
12845;14274
12845;12846
12845;14271
12845;14272
12846;14273
12846;14274
12846;14271
12846;14272
14271;14273
14271;14274
14271;14272
14272;14273
14272;14274
14273;14274
112;6594
112;2397
112;8725
112;14383
112;3156
112;9934
112;11028
112;512
112;8420
512;2464
512;14383
512;5585
512;2732
512;3156
512;2463
512;513
512;5587
512;6583
512;745
512;5584
512;5586
512;5588
2397;6594
2397;9934
2397;11028
2397;2398
2397;8420
3156;11142
3156;14383
3156;5585
3156;5587
3156;9928
3156;11143
3156;5584
3156;5586
3156;5588
6594;6595
6594;9934
6594;11028
6594;8420
8420;11029
8420;9934
8420;11028
8420;11030
8420;11031
11028;11029
11028;11030
11028;14371
11028;11031
118;14337
118;14336
14336;14337
119;120
119;121
120;14297
120;14300
120;14299
120;14298
120;121
120;13413
121;12025
121;12023
121;1259
121;12026
121;12024
121;7947
121;1211
13413;14297
13413;14300
13413;14299
13413;14298
14297;14300
14297;14299
14297;14298
14298;14300
14298;14299
14299;14300
1259;12025
1259;12023
1259;12026
1259;12024
1259;7947
7947;12025
7947;12023
7947;12026
7947;12024
7947;7948
12023;12025
12023;12026
12023;12024
12024;12025
12024;12026
12025;12026
122;12219
122;14362
122;123
122;14363
123;12219
123;2902
123;9138
123;14362
123;1666
123;2903
123;11743
123;14363
123;11546
123;1667
123;240
12219;14362
12219;14363
14362;14363
1666;1667
1667;2903
1667;2902
2902;2903
124;715
124;10133
124;967
124;10129
124;126
124;10135
124;10136
124;468
124;10138
124;10132
124;10130
124;125
124;10128
124;13188
124;10137
124;127
124;10134
124;10131
125;10129
125;126
125;10130
125;13423
125;715
125;127
125;10128
125;10138
125;709
125;13188
125;10134
125;1892
125;10131
125;10133
125;3400
125;12401
125;1611
125;10135
125;10136
125;468
125;10132
125;10137
125;967
126;127
127;10129
127;10130
127;4528
127;715
127;4529
127;10128
127;10138
127;13188
127;934
127;10134
127;10131
127;10133
127;933
127;3400
127;4530
127;10135
127;10136
127;468
127;10132
127;10137
127;967
127;260
468;10129
468;10130
468;4528
468;715
468;4529
468;10128
468;10138
468;709
468;934
468;10134
468;10131
468;10133
468;933
468;4530
468;10135
468;10136
468;10132
468;10137
715;10129
715;10130
715;4508
715;4507
715;13301
715;10128
715;4506
715;4511
715;10138
715;4512
715;12960
715;4509
715;4505
715;10134
715;10131
715;4510
715;10133
715;10135
715;10136
715;1360
715;10132
715;10137
967;12401
967;13188
967;13423
10128;10133
10128;10129
10128;10135
10128;10136
10128;10138
10128;10132
10128;10130
10128;10137
10128;10134
10128;10131
10129;10133
10129;10135
10129;10136
10129;10138
10129;10132
10129;10130
10129;10137
10129;10134
10129;10131
10130;10133
10130;10135
10130;10136
10130;10138
10130;10132
10130;10137
10130;10134
10130;10131
10131;10133
10131;14381
10131;10135
10131;10136
10131;10138
10131;10132
10131;10137
10131;10134
10132;10133
10132;10135
10132;10136
10132;10138
10132;10137
10132;10134
10133;10135
10133;10136
10133;10138
10133;10137
10133;10134
10134;10135
10134;10136
10134;10138
10134;10137
10135;10136
10135;10138
10135;10137
10136;10138
10136;10137
10137;10138
709;6797
709;1611
709;1892
1611;10507
1611;6797
1611;3607
1611;10506
1611;11032
1611;11529
1611;1892
1892;10583
1892;6797
1892;10506
1892;1893
1892;3607
1892;10507
1892;10582
1892;7614
1892;7613
1892;9648
1892;2656
1892;10581
1892;7090
1892;2196
1892;3262
3400;9838
3400;7250
3400;9837
3400;7249
12401;13423
260;3930
260;1376
260;6299
260;6044
260;9531
260;4265
260;5241
260;2041
260;3699
260;2210
260;5621
260;2209
933;4528
933;4530
933;4529
933;934
934;4528
934;4530
934;4529
4528;4530
4528;4529
4529;4530
1190;11822
1190;11823
11822;11823
137;138
139;141
139;140
139;142
140;142
140;141
141;142
142;2397
142;1527
142;1526
142;2398
142;11116
1526;1527
1526;2220
1526;2144
1526;2143
2398;11116
144;4662
144;4661
144;4660
4660;4661
4660;4662
4661;4662
145;146
146;4116
147;3185
147;1076
147;3186
1076;3185
1076;3186
3185;3186
152;153
154;303
154;1935
303;1935
303;2077
303;304
303;463
303;2080
303;2078
745;2911
745;2910
745;4152
745;924
745;4227
745;13746
745;14262
745;14388
745;5585
745;4156
745;5587
745;2913
745;9928
745;3156
745;1771
745;14437
745;12967
745;14267
745;5588
745;2912
745;5584
745;5586
5081;5082
172;1057
172;2366
172;715
172;13301
172;1360
172;1054
172;12960
172;862
172;1055
172;1056
172;2367
862;1057
862;1054
862;1055
862;1056
1054;1057
1054;1055
1054;1056
1055;1057
1055;1056
1056;1057
2366;2367
2367;3733
173;2869
173;490
173;489
489;2079
489;490
489;3427
489;3426
489;2869
490;2869
180;189
180;2113
180;184
180;181
180;185
180;182
180;190
180;186
180;5660
180;188
180;187
180;183
181;189
181;184
181;182
181;185
181;186
181;190
181;188
181;187
181;183
182;189
182;184
182;185
182;190
182;186
182;188
182;187
182;183
183;189
183;184
183;185
183;186
183;190
183;188
183;187
184;189
184;2113
184;185
184;186
184;190
184;5660
184;188
184;187
185;189
185;190
185;186
185;188
185;187
186;189
186;190
186;188
186;187
187;189
187;190
187;188
188;189
188;2113
188;190
188;5660
189;190
190;2113
199;4382
201;202
201;203
202;203
205;2079
205;8357
205;2914
205;5871
205;5996
205;946
946;8357
946;2495
946;5996
946;14434
946;14418
946;2907
946;3289
946;2079
946;5871
946;2906
946;14419
946;947
946;6364
946;2908
946;2914
946;3973
2079;7730
2079;12180
2079;8773
2079;3427
2079;8357
2079;2914
2079;3426
2079;5871
2079;5996
2079;12179
2914;8357
2914;5871
5871;8357
5871;5996
5996;8357
473;2431
2431;3313
2431;3078
2431;3075
3075;3078
3075;3313
3078;3313
219;1710
219;6517
219;869
219;6518
219;1394
219;3150
219;1540
219;1861
219;6516
869;1710
869;6517
869;6518
869;1394
869;3150
869;1540
869;1861
869;6516
1394;1710
1394;6517
1394;6518
1394;3150
1394;9875
1394;1540
1394;1861
1394;6516
1540;6517
1540;6518
1540;3150
1540;6516
1710;1861
1861;8038
1861;9875
1861;2543
1861;6214
3150;6517
3150;6518
3150;6516
6516;6517
6516;6518
6517;6518
226;4391
226;4519
226;585
585;4391
585;2035
585;2034
229;2011
229;230
253;254
253;255
254;255
1376;3930
1376;4265
1376;6044
2041;6299
2041;8947
2041;10593
2041;5396
2041;10591
2041;10592
2041;3699
2041;8948
2209;5240
2209;9531
2209;5241
2209;2210
2209;5239
2210;5240
2210;12372
2210;14305
2210;9531
2210;14306
2210;5241
2210;3181
2210;14307
2210;5239
3699;6299
3930;4265
3930;6044
4265;6044
5241;9531
270;298
270;4087
270;4086
270;4154
4086;4087
4086;4154
279;3426
279;3427
279;489
279;2079
3426;5929
3426;12375
3426;3427
3426;12374
280;11268
280;11267
11267;11268
291;4422
291;292
291;294
291;293
291;295
292;293
292;294
292;295
293;4422
293;294
293;295
294;4422
294;295
295;4422
296;297
296;730
296;886
730;885
730;2368
698;703
698;701
698;700
698;705
698;699
698;11209
698;14404
698;702
698;704
300;1456
300;14426
1456;7813
1456;9355
1456;9354
1456;14426
301;303
301;304
301;3108
301;3107
301;302
302;303
302;304
304;3108
304;3107
3107;3108
463;2077
463;464
463;2078
2077;2080
2077;2078
305;11377
305;9878
305;9876
305;2269
305;9877
305;306
305;2267
305;308
305;2268
306;11377
306;9878
306;9876
306;2269
306;9877
306;2267
306;308
306;2268
308;2269
308;2267
308;2268
2267;2269
2267;2268
2268;2269
9876;9878
9876;9877
9877;9878
310;311
4379;4844
12082;14290
12082;12083
12082;12751
12082;12750
12082;12084
12082;14289
12082;12748
12082;12749
12748;14290
12748;12751
12748;12750
12748;14289
12748;12749
12750;14290
12750;12751
12750;14289
12751;14290
12751;14289
626;1317
626;816
626;818
626;2907
626;817
626;3734
626;3733
626;946
626;12711
626;3973
2907;2908
2907;14391
2907;14392
2907;14393
325;326
325;331
325;332
325;328
325;327
325;333
325;330
325;329
326;331
326;332
326;328
326;327
326;333
326;330
326;329
327;331
327;332
327;328
327;333
327;330
327;329
328;331
328;332
328;333
328;330
328;329
329;331
329;332
329;333
329;330
330;331
330;332
330;333
331;332
331;333
332;333
350;4568
350;4571
350;2772
350;1996
350;4569
350;636
350;4572
350;4570
636;1669
636;7178
636;7035
636;1747
636;6036
636;11095
636;638
636;4572
636;14314
636;6035
636;839
636;4568
636;5739
636;7177
636;7179
636;14313
636;2772
636;3848
636;1996
636;3846
636;6037
636;637
636;7180
636;3847
636;10375
636;3845
636;5791
636;10374
636;4569
636;3849
636;1252
636;11094
636;7891
636;2770
636;7181
636;11093
636;1668
636;2771
636;1251
636;4570
636;4571
636;9671
636;1998
636;5982
636;1997
636;7176
636;2000
636;1999
1996;4568
1996;4571
1996;1998
1996;2772
1996;3848
1996;4569
1996;1997
1996;4572
1996;7891
1996;4570
1996;2000
1996;1999
2772;11095
2772;4572
2772;4568
2772;3848
2772;3846
2772;10374
2772;4569
2772;11094
2772;11093
2772;4570
2772;4571
2772;9671
2772;5982
2772;7176
4568;5739
4568;7179
4568;4571
4568;4569
4568;4572
4568;7891
4568;10079
4568;4570
4569;4571
4569;4572
4569;4570
4570;4571
4570;4572
4571;4572
373;1468
373;3701
373;377
373;1469
373;14321
373;14317
373;3700
373;375
373;14318
373;374
373;14316
373;3135
373;3134
373;1683
373;12844
373;14320
373;376
373;769
373;1730
373;14319
373;14315
373;378
373;3133
374;375
374;376
374;378
374;377
375;376
375;378
375;377
376;378
376;377
377;378
378;14322
378;1112
378;1113
378;14323
378;1114
769;1468
769;1853
769;1116
769;8870
769;1469
769;4305
769;4306
1469;3264
1469;2630
1469;2678
1469;1853
1469;5916
1469;4305
1469;4306
1683;1730
3133;14320
3133;14316
3133;3135
3133;14321
3133;14319
3133;3134
3134;12844
3134;14315
3134;14318
3134;14320
3134;14316
3134;3135
3134;14321
3134;14319
3134;14317
3135;12844
3135;14315
3135;14318
3135;14316
3135;14317
3700;3701
14315;14318
14315;14316
14315;14317
14316;14318
14316;14320
14316;14321
14316;14319
14316;14317
14317;14318
14319;14320
14319;14321
14320;14321
1112;1113
1112;1114
1113;1114
1114;14322
1114;9097
1114;14323
1114;9098
1114;9096
14322;14323
388;390
388;389
388;391
388;392
389;390
389;392
389;391
390;391
390;392
391;392
395;13788
395;13786
395;13787
13786;13788
13786;13787
13787;13788
397;4020
397;4021
397;6898
397;6899
4020;4021
6898;6899
399;3550
399;3549
399;3552
399;3551
3549;3550
3549;3552
3549;3551
3550;3551
3550;3552
3551;3552
3552;9591
3552;9590
3552;9592
410;9651
410;9650
410;10765
410;10766
410;10767
9650;9651
9650;10765
9650;10766
9650;10767
9651;10765
9651;10766
9651;10767
10765;10766
10765;10767
10766;10767
418;1612
418;8685
418;1613
432;6468
432;3492
432;1049
432;435
435;6468
435;1049
435;3492
3492;6468
439;12185
439;7730
439;12183
439;12184
7730;12180
7730;12183
7730;12162
7730;12185
7730;8773
7730;12184
7730;12179
12183;12185
12183;12184
12184;12185
450;14396
450;14398
450;14395
450;14397
450;14401
450;874
450;14400
450;14399
450;578
578;14396
578;14398
578;14395
578;14397
578;14401
578;874
578;14400
578;14399
874;14396
874;14398
874;14395
874;14397
874;14401
874;14400
874;14399
14395;14396
14395;14398
14395;14397
14395;14401
14395;14400
14395;14399
14396;14398
14396;14397
14396;14401
14396;14400
14396;14399
14397;14398
14397;14401
14397;14400
14397;14399
14398;14401
14398;14400
14398;14399
14399;14401
14399;14400
14400;14401
455;2907
455;557
457;8891
462;464
462;2228
462;3426
462;463
464;3426
465;2158
465;2157
465;2160
465;5127
465;2159
2157;2160
2157;2158
2157;2159
2158;2160
2158;2159
2159;2160
2159;5127
466;1520
466;1599
466;3184
466;7712
466;10903
466;10904
466;10905
466;1291
466;1359
466;7711
466;10883
466;7710
466;7713
466;1196
1196;1291
1196;3184
1291;3184
1291;1599
1291;7712
1291;1359
1291;7711
1291;7710
1291;7713
1599;6684
1599;7712
1599;1771
1599;8104
1599;6683
1599;1601
1599;14461
1599;7711
1599;1600
1599;7710
1599;7713
7710;7712
7710;7711
7710;7713
7711;7712
7711;7713
7712;7713
10883;10905
10883;10903
10883;10904
10903;10905
10903;10904
10904;10905
479;480
479;1319
479;2046
479;12459
479;3360
479;729
479;6551
479;5821
479;13045
480;1319
480;5821
729;6551
2046;6551
2046;3360
3360;6551
12459;13045
481;12372
481;14305
481;14306
481;1621
481;2210
481;3181
481;14307
481;975
481;14151
481;3212
975;14151
1621;3212
3181;12372
3181;14305
3181;14306
3181;14307
12372;14305
12372;14306
12372;14307
14305;14306
14305;14307
14306;14307
491;493
491;494
491;496
491;495
491;492
492;493
492;494
492;496
492;814
492;1313
492;495
492;815
493;494
493;496
493;814
493;1313
493;495
493;815
494;496
494;495
495;496
814;815
814;1313
815;1313
507;14453
507;14451
507;14452
507;13775
507;14036
507;2311
2311;14037
2311;14453
2311;14451
2311;14452
2311;13775
2311;14036
13775;14037
13775;14453
13775;14451
13775;14452
13775;14036
14036;14037
14036;14453
14036;14451
14036;14452
14451;14453
14451;14452
14452;14453
509;2635
2635;13767
2635;9049
2635;2636
510;511
510;8228
510;6416
510;1136
510;6417
510;8230
510;513
510;3582
510;8227
510;8229
510;3228
510;512
510;2121
511;1222
511;2736
511;1067
511;1125
511;11010
511;6416
511;2734
511;512
511;2732
511;6417
511;8230
511;513
511;8227
511;3582
511;2735
511;2733
511;9256
511;8228
511;1136
511;7015
511;8229
513;1136
513;2734
513;2735
1136;2733
1136;1222
1136;2736
1136;2732
1136;2734
1136;2735
2121;9545
2121;3228
2121;9547
2121;11206
2121;9546
2121;9548
3582;9256
3582;6416
3582;6417
3582;7015
6416;11010
6416;6417
6417;7015
8227;8228
8227;8230
8227;8229
8228;8230
8228;8229
8229;8230
1067;9256
1067;7905
1067;6417
1067;1851
1067;7015
1067;7906
1067;3582
1067;7907
1125;2429
1222;2733
1222;2736
1222;2732
1222;2734
1222;2735
2732;2733
2732;2736
2732;3156
2732;2734
2732;2735
2733;6023
2733;2736
2733;6024
2733;2734
2733;2735
2734;2736
2734;2735
2735;2736
7015;9256
2463;2464
5584;5585
5584;5587
5584;5586
5584;5588
5585;5587
5585;5586
5585;5588
5586;5587
5586;5588
5587;5588
1276;1278
1276;1277
1277;1278
555;5498
555;14281
555;13921
555;556
555;13960
5498;5500
5498;5501
5498;14281
5498;13921
5498;5499
5498;13960
13921;14281
13921;13960
13960;14281
947;983
2495;2908
2495;3289
2908;14418
2908;14434
2908;14419
2908;6364
2908;3289
3289;6364
14391;14392
14391;14393
14392;14393
14418;14419
14418;14434
14419;14434
568;2636
568;2635
2636;13767
2636;9049
2034;2035
591;2905
591;1876
591;2385
591;2386
1876;2905
1876;2385
1876;2386
2385;2386
2386;2905
599;3188
599;1186
1186;2341
1186;1831
1186;2677
1186;2342
1186;1188
1186;1939
1186;2343
1186;3188
3188;4480
604;8064
605;1394
816;1317
816;817
816;818
3733;14379
3733;14303
3733;3734
3733;14276
3733;14275
627;4071
627;4070
4070;4071
634;946
634;2908
634;6364
634;3289
635;636
635;637
635;638
637;638
638;839
638;1669
638;1747
638;3848
638;3846
638;3849
638;1252
638;3847
638;3845
638;1668
839;6036
839;6037
839;6035
839;1668
1251;1252
1252;1669
1252;1747
1252;3848
1252;3846
1252;3849
1252;3847
1252;3845
1252;1668
1668;1669
1668;3848
1668;6036
1668;6037
1668;6035
1669;3845
1669;1998
1669;1747
1669;1996
1669;3848
1669;3846
1669;3849
1669;1997
1669;3847
1669;2000
1669;1999
1997;7177
1997;1998
1997;7176
1997;2000
1997;1999
1998;2000
1998;1999
1999;2772
1999;2770
1999;2000
1999;2771
2770;2771
2770;2772
2771;2772
3845;3848
3845;3846
3845;3849
3845;3847
3846;9671
3846;11093
3846;3848
3846;10374
3846;3849
3846;11095
3846;5982
3846;11094
3846;7176
3846;3847
3847;3848
3847;3849
3848;11095
3848;4568
3848;10374
3848;3849
3848;11094
3848;7891
3848;11093
3848;9671
3848;5982
3848;7176
5739;10079
5791;10374
5791;10375
5982;9671
5982;10374
5982;11095
5982;11094
5982;11093
6035;6036
6035;6037
6036;6037
7035;7179
7035;7178
7035;7180
7035;7181
7176;7177
7176;9671
7178;7179
7178;7180
7178;7181
7179;7180
7179;7181
7180;7181
9671;10374
9671;11095
9671;11094
9671;11093
10374;11095
10374;11094
10374;10375
10374;11093
11093;11095
11093;11094
11094;11095
14313;14314
650;2839
650;2206
650;651
651;2839
655;656
655;1043
655;2087
655;3264
655;7585
655;2630
655;1040
655;7586
655;1042
655;1423
655;5916
655;8021
655;1469
655;14282
1040;1043
1040;1042
1040;1041
1042;1043
1042;2061
1042;1423
1042;2060
1043;2630
1043;1423
1423;1687
1423;1688
2087;3264
2630;5916
7585;7586
689;2025
689;7483
689;9008
689;9009
2025;4354
2025;7483
2025;9008
2025;9009
7483;9008
7483;9009
9008;9009
694;697
694;4951
694;696
694;1684
694;695
695;697
695;4951
695;696
695;1686
695;1684
695;1685
696;697
696;4951
696;1684
697;1686
697;1684
697;1685
1684;4951
1684;1686
1684;1685
1685;1686
699;703
699;701
699;700
699;705
699;11209
699;14404
699;702
699;704
700;703
700;701
700;705
700;702
700;704
701;703
701;705
701;702
701;704
702;703
702;705
702;704
703;705
703;704
704;705
704;11209
704;14404
11209;14404
14404;14447
14404;14448
14404;14446
706;707
706;758
706;757
706;708
707;708
708;758
708;3553
708;3555
708;757
708;3554
757;758
3553;3555
3553;3554
3554;3555
4505;4508
4505;4510
4505;4507
4505;4512
4505;4509
4505;4506
4505;4511
4506;4508
4506;4510
4506;4507
4506;4512
4506;4509
4506;4511
4507;4508
4507;4510
4507;4512
4507;4509
4507;4511
4508;4510
4508;4512
4508;4509
4508;4511
4509;4510
4509;4512
4509;4511
4510;4512
4510;4511
4511;4512
4512;8060
4512;8058
4512;8059
718;719
718;14402
718;9960
719;14402
719;9960
9960;14402
885;2368
885;1184
924;13746
1771;14312
1771;14437
1771;6683
1771;6684
2910;2911
2910;2913
2910;2912
2911;2913
2911;2912
2912;2913
4152;14388
4152;4156
4152;9311
4152;7611
4152;11497
4156;14388
13746;14470
14262;14267
762;5704
764;765
764;766
765;766
765;1831
765;7314
765;1186
1116;3607
1116;1853
1116;8870
1116;2196
1116;1893
1116;1370
1116;1892
1853;1854
1853;8870
1853;12740
4305;4306
770;771
771;2999
771;8789
771;8790
2999;8789
2999;8790
8789;8790
774;14294
774;14295
774;1374
774;1375
1374;14294
1374;14295
1374;1375
1375;14294
1375;14295
14294;14295
801;6405
801;9635
801;9637
801;5282
801;5283
801;6406
801;5281
801;9487
801;5280
801;1464
801;2614
801;9488
801;5279
801;9636
1464;9635
1464;9637
1464;9934
1464;2519
1464;11028
1464;9636
1464;8420
2614;6405
2614;6406
2614;9487
2614;2615
2614;9488
5279;5282
5279;5283
5279;5281
5279;5280
5280;5282
5280;5283
5280;5281
5281;5282
5281;5283
5282;5283
6405;6406
9487;9488
9635;9636
9635;9637
9636;9637
808;2717
808;10606
808;10607
808;10605
808;10608
808;10604
808;8419
808;8420
2717;8419
2717;8420
8419;8420
10604;10606
10604;10607
10604;10605
10604;10608
10605;10606
10605;10607
10605;10608
10605;14463
10605;14462
10606;10607
10606;10608
10607;10608
811;7517
811;14240
811;14268
7517;14240
7517;14268
14240;14268
812;2343
812;7247
812;7248
2343;7248
2343;7247
7247;7248
848;849
848;14405
848;1051
848;14366
848;14365
1051;1052
1051;14405
1051;1053
1051;14366
1051;14365
14365;14366
14366;14405
866;1141
896;12065
896;12064
12064;12065
909;912
909;911
909;2871
909;2870
909;910
910;912
910;911
910;2871
910;2870
911;912
2870;2871
913;6214
6214;6637
6214;6636
6214;6635
6214;6634
916;920
916;919
916;918
916;921
916;917
917;920
917;919
917;918
917;921
918;920
918;919
918;921
919;920
919;921
920;921
922;14291
922;14293
922;14292
922;990
922;923
922;924
923;924
990;14291
990;14293
990;992
990;14292
990;991
14291;14293
14291;14292
14292;14293
929;9873
929;1444
1444;9873
945;3472
945;3473
945;1050
945;3474
1050;1052
1050;3473
1050;1053
1050;3474
1050;3472
1050;1051
3472;3473
3472;3474
3473;3474
2906;2907
2906;2908
955;2952
955;956
955;2955
955;2953
955;2954
955;1819
1819;2952
1819;2955
1819;2953
1819;2954
2952;2955
2952;2953
2952;2954
2953;2955
2953;2954
2954;2955
959;2658
959;3103
959;2248
2248;3103
2248;2658
2658;3104
2658;3103
3103;3104
3103;11640
3103;11639
3103;14385
984;985
985;5194
991;992
991;1740
991;2518
991;2519
992;8176
992;2012
992;1740
992;2518
992;2519
992;3797
992;12186
992;8177
1740;2519
1740;2518
2518;2519
2519;9934
2519;11028
2519;8420
3797;8177
3797;8176
8176;12186
8176;8177
1002;2457
1002;11137
1002;13746
1002;3299
1002;3300
1002;14470
1002;2430
1002;1003
1002;11136
1003;2457
1003;10322
1003;11137
1003;3299
1003;13746
1003;3300
1003;14470
1003;2430
1003;11136
1003;10323
2457;3299
2457;3300
3299;3300
11136;11137
10322;10323
1008;1009
1008;5498
1009;2454
1009;5500
1009;5498
1009;2316
1009;5499
1009;9793
1009;5501
2454;2455
2454;5500
2454;5498
2454;13921
2454;5499
2454;5501
5499;5500
5499;5501
5500;5501
1014;1206
1014;1015
1206;4464
1206;10513
1022;14341
1022;13243
1022;13000
13000;14341
13000;13243
13243;14341
1027;14461
1027;1601
1027;1599
1601;8104
1601;14461
1041;1423
1041;1042
1041;1043
2060;2061
1052;1053
1851;7907
1851;7905
1851;7906
7905;7907
7905;7906
7906;7907
1070;1071
1097;1098
1097;6308
1097;1853
1097;6306
1097;6307
1098;9955
1098;6308
1098;1853
1098;10271
1098;6306
1098;6307
6306;6307
6306;6308
6307;6308
6307;10271
6308;10271
1108;2244
1108;2245
2244;2245
2245;10078
2245;8505
2245;14324
2245;6139
1109;14459
1109;14410
1109;14460
1109;1111
1109;1110
1109;14364
1110;1111
14410;14460
14410;14459
14459;14460
9096;9097
9096;9098
9097;9098
1370;2656
1370;10507
1370;1371
1370;10582
1370;10583
1370;1611
1370;3607
1370;10506
1370;10581
1370;7090
1370;7613
1370;2196
1370;1893
1370;1892
1893;2196
1893;2656
2196;10582
2196;10583
2196;7614
2196;10581
2196;7613
1122;1861
1122;8038
1122;2543
1122;6214
2543;6214
2429;3225
2429;5162
2429;4620
2429;4619
2429;3629
2429;7601
1173;4809
1173;6993
4809;6993
1185;2677
1185;1188
1185;1186
1188;2677
1939;12688
1939;2341
1939;1940
2341;2343
2341;2342
2342;2343
4464;10513
6642;6644
6642;6643
6643;8483
6643;6644
6644;8483
1215;1859
1215;14287
1215;1860
1215;14288
1215;1216
1215;1858
1216;1859
1216;6853
1216;9839
1216;1860
1216;10720
1216;6852
1216;1858
1858;1859
1858;1860
1859;1860
14287;14288
6852;6853
1226;2614
1226;2615
1245;2248
1263;14358
1263;4769
1263;14359
1263;5867
4769;14358
4769;5867
4769;14359
5867;14358
5867;14359
14358;14359
1269;4226
1269;4227
4226;4227
1284;1285
2001;2275
1308;2823
1310;1311
1310;1312
1311;1312
1325;2088
1325;6128
2088;6128
1354;8448
1354;8447
1354;1355
1355;14472
1355;14473
8447;8448
14472;14473
1371;2656
1371;1893
1371;1892
7613;10582
7613;10583
7613;7614
7613;10581
10506;10507
10581;10582
10581;10583
10582;10583
1413;11029
1413;11028
1413;11030
1413;11031
1413;8420
11029;11030
11029;11031
11030;11031
1687;1688
9354;9355
1474;7259
1474;1476
1474;1477
1474;7260
1474;13378
1474;2210
1474;1475
1474;2209
1475;7259
1475;1476
1475;1477
1475;7260
1475;13378
1475;3399
1475;2210
1475;2209
1476;1477
1477;14458
1477;14427
1477;13378
1477;14456
1477;14457
7259;7260
3399;3400
3399;7250
3399;7249
14456;14457
14456;14458
14457;14458
1503;1509
1503;1510
1503;1511
1503;1504
1503;1506
1503;1507
1503;1512
1503;1505
1503;1508
1504;1509
1504;1510
1504;1511
1504;1506
1504;1507
1504;1512
1504;1505
1504;1508
1505;1510
1505;1511
1505;1506
1505;1507
1505;1512
1505;1509
1505;1508
1506;1509
1506;1510
1506;1511
1506;1507
1506;1512
1506;1508
1507;1509
1507;1510
1507;1511
1507;1512
1507;1508
1508;1509
1508;1510
1508;1511
1508;1512
1509;1510
1509;1511
1509;1512
1510;1511
1510;1512
1511;1512
1514;5410
1514;1516
1514;5411
1516;5410
1516;5411
5410;5411
2143;2144
2143;2220
1545;2275
2275;3714
1568;1569
1568;1570
1569;1570
1600;1601
6683;6684
1618;7276
1618;8946
7276;8946
1644;1646
1644;1645
1645;1646
1647;12782
1647;2411
2411;12782
1649;11446
1649;11448
1649;8914
1649;8913
1649;11449
1649;11447
8913;8914
11446;11447
11446;11448
11446;11449
11447;11448
11447;11536
11447;11449
11448;11449
11449;11536
1709;3619
1709;3617
1709;1711
1709;3618
3617;3619
3617;3618
3618;3619
3618;14478
9082;12392
9082;14443
9082;14442
14442;14443
1770;14312
1770;1771
1774;1775
1774;1776
1775;1776
1784;1785
1784;1786
1784;3214
1785;1786
1785;3214
1810;1811
1810;1812
1810;1813
1811;1812
1811;1813
1812;1813
1835;1837
1835;1836
1836;1837
1854;9720
1854;8135
1854;14428
1854;12740
8135;14428
1891;1893
1891;1892
3262;9648
2824;2825
3780;10142
1924;1931
1924;1928
1924;1929
1924;1926
1924;1930
1924;1932
1924;1927
1924;1925
1925;1931
1925;1928
1925;1929
1925;1926
1925;1930
1925;1932
1925;1927
1926;1931
1926;1928
1926;1929
1926;1930
1926;1932
1926;1927
1927;1931
1927;1928
1927;1929
1927;1930
1927;1932
1928;1931
1928;1929
1928;1930
1928;1932
1929;1931
1929;1930
1929;1932
1930;1931
1930;1932
1931;1932
1940;12688
1970;8826
1970;8825
8825;8826
1978;1979
1978;1982
1978;1981
1978;1980
1979;1982
1979;1981
1979;1980
1980;1982
1980;1981
1981;1982
2014;10984
2014;2484
2014;9321
2014;10983
2014;3934
2014;2483
2014;2018
2014;2015
2014;9320
2014;2016
2014;2017
2014;10982
2015;2484
2015;3934
2015;2483
2015;2018
2015;2016
2015;2017
2016;2484
2016;3934
2016;2483
2016;2018
2016;2017
2017;10984
2017;2484
2017;9321
2017;10983
2017;3934
2017;2483
2017;2018
2017;9320
2017;10982
2018;10984
2018;2484
2018;9321
2018;10983
2018;3934
2018;2483
2018;9320
2018;10982
2483;2484
2483;3934
3934;9321
3934;9320
9320;9321
10982;10984
10982;10983
10983;10984
2020;6171
2020;6170
2020;2022
2022;6171
2022;6170
6170;6171
2032;2033
2040;2041
5396;8947
5396;10591
5396;10592
5396;10593
5396;8948
8947;10591
8947;10592
8947;10593
8947;8948
8948;10591
8948;10592
8948;10593
10591;10592
10591;10593
10592;10593
2047;2050
2047;2049
2047;2048
2047;2052
2047;2051
2048;2050
2048;2049
2048;2052
2048;2051
2049;2050
2049;2052
2049;2051
2050;2052
2050;2051
2051;2052
2066;10859
2066;10858
10858;10859
2072;10768
8773;12179
8773;12180
12179;12180
2082;8648
9545;11206
9545;9547
9545;9546
9545;9548
9546;11206
9546;9547
9546;9548
9547;11206
9547;9548
9548;11206
2164;2165
5239;5240
5239;5241
5240;5241
2236;12083
2236;3751
2236;3761
2236;3762
2236;3760
2236;3763
2236;12084
2236;12082
3760;3763
3760;3761
3760;3762
3761;3763
3761;3762
3762;3763
12083;12084
8505;10078
8505;14324
10078;14324
2292;3731
2292;3730
2292;3729
3729;3730
3729;3731
3730;3731
2299;2300
2381;2383
2381;2384
2381;2382
2382;2383
2382;2384
2383;2384
2426;2427
3225;4620
3225;4619
3225;9342
3629;7601
3629;7526
4619;11838
4619;7471
4619;5767
4619;4620
4619;7472
4620;7471
4620;5767
4620;7472
2434;14447
2434;14448
2434;14404
2434;14446
2434;7151
7151;14448
7151;14404
7151;14446
7151;14447
14446;14447
14446;14448
14447;14448
2453;2455
2453;2454
2490;11407
2497;2498
2503;5044
2503;5045
5044;5045
2582;2583
9049;13767
2651;2652
2670;2673
2670;9838
2670;3400
2670;7250
2670;2671
2670;9837
2670;7249
2670;3399
2670;2672
2671;2673
2671;2672
2672;2673
2672;3400
2672;3399
7249;9838
7249;7250
7249;9837
9837;9838
2728;2729
2728;2730
2728;8286
2729;2730
8286;8340
8286;8339
8286;8338
6023;6024
2741;3085
2817;2818
2841;2843
2841;2854
2841;2842
2841;3739
2842;2843
2843;8099
2843;8098
2843;6613
2843;8097
2843;8096
2843;5149
2854;3739
5149;8099
5149;8098
5149;6613
5149;8097
5149;8096
6613;8099
6613;8098
6613;8097
6613;8096
8096;8099
8096;8098
8096;8097
8097;8099
8097;8098
8098;8099
2853;4025
2853;4024
2853;4023
4023;4025
4023;4024
4024;4025
2872;5409
2872;5408
2872;7422
5408;5409
5409;7422
3141;9340
3141;9339
2937;2942
2937;2939
2937;2938
2937;2940
2937;2941
2938;2942
2938;2939
2938;2940
2938;2941
2939;2942
2939;5722
2939;5724
2939;2940
2939;2941
2940;2942
2940;6810
2940;8700
2940;8702
2940;6811
2940;8701
2940;6812
2940;2941
2941;2942
2942;5722
2942;6810
2942;8700
2942;8702
2942;5724
2942;8701
5722;5725
5722;5724
5722;5723
5724;14417
5724;14416
5724;5725
5724;14414
5724;6620
5724;14415
6810;8700
6810;8702
6810;6811
6810;8701
6810;6812
6811;14475
6811;14474
6811;6812
8700;8702
8700;8701
8701;8702
3007;3010
3007;3009
3007;3008
3007;3011
3008;3010
3008;3009
3008;3011
3009;3010
3009;3011
3010;3011
11639;11640
9339;9340
11142;11143
3159;7222
7222;7223
3173;3175
3173;3174
3174;3175
3224;3225
3224;9342
3250;4938
3250;7034
4938;6637
4938;7034
4938;6634
4938;6214
4938;6635
4938;6636
3301;3304
3301;12257
3301;3302
3301;3303
3301;12688
3301;12436
3302;3303
3302;3304
3303;3304
3304;10472
12257;12688
12257;12436
12436;12688
5929;10383
5929;10384
5929;12375
5929;5930
5929;14251
5929;12374
12374;12375
3438;3441
3438;3439
3438;3440
3439;3441
3439;3440
3440;3441
3444;4921
3444;4919
3444;4920
4919;4921
4919;4920
4920;4921
3462;6577
3475;3477
3475;5103
3475;3980
3475;5102
3475;5104
3475;6371
3475;3476
3475;5105
3476;3477
3476;5103
3476;5102
3476;5104
3476;6371
3476;5105
3477;5103
3477;3980
3477;5102
3477;5104
3477;5105
5102;5103
5102;5104
5102;6371
5102;5105
5103;5104
5103;6371
5103;5105
5104;6371
5104;5105
5105;6371
3510;3929
3516;3517
3516;3519
3516;3518
3517;3519
3517;3518
3518;3519
3520;3521
3520;3522
3521;4771
3521;3522
3522;6743
3522;6742
3522;4771
6742;6743
9590;11232
9590;9591
9590;9592
9591;9592
3727;7448
3727;7449
7448;7449
14275;14276
14303;14379
3746;3747
3748;14382
3748;3749
3796;3797
3882;3883
3884;3885
3885;7618
3904;5002
3904;5023
3904;4999
3904;5001
3904;5025
3904;5024
3904;5000
3904;3905
3905;5023
3905;5001
3905;5025
3905;5024
4999;5001
4999;5000
4999;5002
5000;5001
5000;5002
5001;5002
5001;5023
5001;5733
5001;5025
5001;5024
5023;5025
5023;5024
5024;5025
3918;3919
3935;4502
3935;5038
3935;5040
3935;4501
3935;5039
4501;4502
4501;5038
4501;5040
4501;5039
5038;5039
5038;5040
5039;5040
4012;4014
4012;4044
4012;4013
4012;4045
4012;5860
4012;4046
4012;5837
4013;4014
4014;4044
4014;4045
4014;4046
4044;4045
4044;4046
4045;4046
4042;4043
4049;9139
4049;9140
9139;9140
4099;8670
4099;4100
4100;8670
7611;9311
9311;11497
4193;14380
4222;4223
4243;6585
4252;10396
4252;4253
4252;10397
4252;10395
4253;10396
4253;10397
4253;10395
10395;10396
10395;10397
10396;10397
4256;4257
4365;14430
4365;6066
4365;14431
6066;14431
6066;14430
6066;6067
14430;14431
4462;4463
8058;8060
8058;8059
8059;8060
4516;4517
4516;4518
4517;4518
5767;7471
5767;7472
7471;7472
4696;6458
4696;6457
6457;6458
4705;4708
4705;4706
4705;4707
4706;4708
4706;4707
4707;4708
4721;4722
4721;4723
4721;4724
4721;4725
4722;4724
4722;4723
4722;4725
4723;4725
4723;4724
4724;4725
4753;4755
4753;4754
4753;4756
4754;4755
4754;4756
4755;4756
4759;4760
4759;4761
4760;4761
4838;6637
4838;6634
4838;6214
4838;6635
4838;6636
4838;4938
6634;6637
6634;6635
6634;6636
6635;6637
6635;6636
6636;6637
4893;4896
4893;4894
4893;4895
4894;4895
4894;4896
4895;4896
4962;10899
4962;10898
4962;10897
10897;10899
10897;10898
10898;10899
4968;4969
4968;4970
5030;5031
5042;5043
5087;11912
5112;5113
5112;14338
5115;11207
5136;5137
5139;14251
5139;5929
5176;5177
5187;5189
5187;5188
5188;5189
5277;5819
5377;14372
5377;5378
5377;14373
5377;6628
5377;7952
5377;7951
5378;7952
5378;7951
6628;6629
6628;14349
6628;14372
6628;14351
6628;14352
6628;14373
6628;14348
6628;14350
7951;7952
14372;14373
5505;5506
5523;8469
5616;5617
5616;7579
5616;5618
5616;7578
5617;7579
5617;5618
5617;7578
5618;7578
7578;7579
5634;5635
5636;5637
5636;5638
5636;5639
5637;5639
5637;5638
5638;5639
5683;5684
5689;5690
5723;5725
5723;5724
14414;14417
14414;14416
14414;14415
14415;14416
14415;14417
14416;14417
5754;5757
5754;5755
5754;5756
5754;5758
5755;5757
5755;5758
5755;5756
5756;5757
5756;5758
5757;5758
5843;5845
5843;5844
5844;5845
5849;7428
5904;5905
5904;8445
5905;8445
5923;5926
5923;5925
5923;5924
5924;5926
5924;5925
5925;5926
5927;10383
5927;5929
5927;10384
5927;5928
5927;5930
5928;5929
5928;5930
5930;10383
5930;10384
10383;10384
5931;5933
5931;5932
5931;8373
5931;8374
5932;5933
5932;8374
5932;8373
5933;8374
5933;8373
8373;8374
5939;5940
5948;5949
5948;5950
5948;7817
5948;5951
5949;6447
5949;5951
5949;5950
5949;6448
5950;7817
5950;6447
5950;5951
5950;6448
6447;6448
5976;11553
5976;12127
11553;12127
11553;11555
11553;11554
6052;14381
6052;13924
6052;13925
6052;6053
6052;10940
6052;14325
6052;10131
10940;10942
10940;13924
10940;13925
10940;10941
10940;14325
13924;13925
6065;6067
6065;6066
6123;6124
6137;13292
6137;12595
6137;14283
12595;13292
12595;14283
13292;14283
6271;6274
6271;6273
6271;6272
6272;6273
6272;6274
6273;6274
6315;11887
6362;6363
6433;6434
6593;6594
6593;6595
14348;14349
14348;14351
14348;14352
14348;14350
14349;14351
14349;14352
14349;14350
14350;14351
14350;14352
14351;14352
6659;6660
6659;6661
6660;6661
14474;14475
7059;14259
7059;14260
7059;14258
14258;14259
14258;14260
14259;14260
7077;7078
7114;7115
7137;7138
7168;7169
7168;7170
7169;7170
7187;7189
7187;7193
7187;7192
7187;7191
7187;7190
7187;7188
7188;7189
7188;7193
7188;8280
7188;7192
7188;8279
7188;8278
7188;7191
7188;8282
7188;7190
7188;8281
7189;7193
7189;7192
7189;7191
7189;7190
7190;7193
7190;7192
7190;7191
7191;7193
7191;7192
7192;7193
7192;8280
7192;8279
7192;8278
7192;8282
7192;8281
7193;8280
7193;8282
7193;8281
8278;8279
8278;8280
8279;8280
8280;8282
8280;8281
8281;8282
7211;7214
7211;7215
7211;7213
7211;7216
7211;7212
7212;7214
7212;7215
7212;7213
7212;7216
7213;7214
7213;7215
7213;7216
7214;7215
7214;7216
7215;7216
7219;10528
7219;8426
7219;7220
7219;7408
7220;10528
7220;8426
7221;7223
7221;7222
7416;7992
7416;7993
7992;7993
7462;7463
7462;7465
7462;7464
7463;7465
7463;7464
7464;7465
7516;7517
7582;7584
7582;7583
7583;7584
7627;7628
7627;7629
7628;7629
7651;7652
7678;7680
7678;7681
7678;7679
7679;7680
7679;7681
7680;7681
7862;7863
7862;9960
7863;9960
7946;7948
7946;7947
7975;11480
7975;11481
7975;11482
11480;11481
11480;11482
11481;11482
8046;8050
8046;8051
8046;8047
8046;8049
8046;8048
8047;8050
8047;8051
8047;8049
8047;8048
8048;8050
8048;8051
8048;8049
8049;8050
8049;8051
8050;8051
8187;8188
8225;9854
8225;8226
8225;10505
8225;8531
8226;9854
8226;10505
8226;8531
8531;10505
8338;8340
8338;8339
8339;8340
8344;8345
8344;8346
8345;8346
8379;8380
8528;8530
8528;8529
8528;8531
8529;8530
8529;8531
8530;8531
8692;9934
8692;14441
8864;9406
8869;9010
8992;8993
8992;8994
8993;8994
9012;9013
9012;9014
9013;9014
9062;9070
9062;9067
9062;9063
9062;9066
9062;9068
9062;9069
9062;9065
9062;9064
9063;9070
9063;9067
9063;9066
9063;9068
9063;9069
9063;9065
9063;9064
9064;9070
9064;9067
9064;9066
9064;9068
9064;9069
9064;9065
9065;9070
9065;9067
9065;9066
9065;9068
9065;9069
9066;9070
9066;9067
9066;9068
9066;9069
9067;9070
9067;9068
9067;9069
9068;9070
9068;9069
9069;9070
9158;9277
9263;9265
9263;9264
9264;9265
9379;9380
9379;9381
9380;9381
9405;9406
9423;9426
9423;9424
9423;9425
9424;9426
9424;9425
9425;9426
9452;9455
9452;9454
9452;9453
9453;9455
9453;9454
9454;9455
9520;9521
9520;9523
9520;9522
9521;9523
9521;9522
9522;9523
9555;10195
9555;10194
10194;10195
9612;12791
9612;14420
12791;14420
10913;11028
10913;14371
9939;9942
9939;9941
9939;9940
9940;9942
9940;9941
9941;9942
10149;10150
10187;10189
10187;10190
10187;10188
10188;10190
10188;10189
10189;10190
10228;10234
10228;10249
10228;10229
10228;10248
10228;10232
10228;10231
10228;10242
10228;10236
10228;10245
10228;10241
10228;10239
10228;10230
10228;10244
10228;10250
10228;10251
10228;10235
10228;10233
10228;10237
10228;10247
10228;10243
10228;10238
10228;10240
10228;10246
10229;10234
10229;10249
10229;10248
10229;10232
10229;10231
10229;10242
10229;10236
10229;10245
10229;10241
10229;10239
10229;10230
10229;10244
10229;10250
10229;10251
10229;10235
10229;10233
10229;10237
10229;10247
10229;10243
10229;10238
10229;10240
10229;10246
10230;10234
10230;10249
10230;10248
10230;10232
10230;10231
10230;10242
10230;10236
10230;10245
10230;10241
10230;10239
10230;10244
10230;10250
10230;10251
10230;10235
10230;10233
10230;10237
10230;10247
10230;10243
10230;10238
10230;10240
10230;10246
10231;10234
10231;10249
10231;10248
10231;10232
10231;10242
10231;10236
10231;10245
10231;10241
10231;10239
10231;10244
10231;10250
10231;10251
10231;10235
10231;10233
10231;10237
10231;10247
10231;10243
10231;10238
10231;10240
10231;10246
10232;10234
10232;10249
10232;10248
10232;10242
10232;10236
10232;10245
10232;10241
10232;10239
10232;10244
10232;10250
10232;10251
10232;10235
10232;10233
10232;10237
10232;10247
10232;10243
10232;10238
10232;10240
10232;10246
10233;10234
10233;10249
10233;10248
10233;10242
10233;10236
10233;10245
10233;10241
10233;10239
10233;10244
10233;10250
10233;10251
10233;10235
10233;10237
10233;10247
10233;10243
10233;10238
10233;10240
10233;10246
10234;10249
10234;10248
10234;10242
10234;10236
10234;10245
10234;10241
10234;10239
10234;10244
10234;10250
10234;10251
10234;10235
10234;10237
10234;10247
10234;10243
10234;10238
10234;10240
10234;10246
10235;10249
10235;10248
10235;10242
10235;10236
10235;10245
10235;10241
10235;10239
10235;10244
10235;10250
10235;10251
10235;10237
10235;10247
10235;10243
10235;10238
10235;10240
10235;10246
10236;10249
10236;10248
10236;10242
10236;10245
10236;10241
10236;10239
10236;10244
10236;10250
10236;10251
10236;10237
10236;10247
10236;10243
10236;10238
10236;10240
10236;10246
10237;10249
10237;10248
10237;10242
10237;10245
10237;10241
10237;10239
10237;10244
10237;10250
10237;10251
10237;10247
10237;10243
10237;10238
10237;10240
10237;10246
10238;10249
10238;10248
10238;10242
10238;10245
10238;10241
10238;10239
10238;10244
10238;10250
10238;10251
10238;10247
10238;10243
10238;10240
10238;10246
10239;10249
10239;10248
10239;10242
10239;10245
10239;10241
10239;10244
10239;10250
10239;10251
10239;10247
10239;10243
10239;10240
10239;10246
10240;10249
10240;10248
10240;10242
10240;10245
10240;10241
10240;10244
10240;10250
10240;10251
10240;10247
10240;10243
10240;10246
10241;10249
10241;10248
10241;10242
10241;10245
10241;10244
10241;10250
10241;10251
10241;10247
10241;10243
10241;10246
10242;10249
10242;10248
10242;10245
10242;10244
10242;10250
10242;10251
10242;10247
10242;10243
10242;10246
10243;10249
10243;10248
10243;10245
10243;10244
10243;10250
10243;10251
10243;10247
10243;10246
10244;10249
10244;10248
10244;10245
10244;10250
10244;10251
10244;10247
10244;10246
10245;10249
10245;10248
10245;10250
10245;10251
10245;10247
10245;10246
10246;10249
10246;10248
10246;10250
10246;10251
10246;10247
10247;10249
10247;10248
10247;10250
10247;10251
10248;10249
10248;10250
10248;10251
10249;10250
10249;10251
10250;10251
10313;10315
10313;10314
10313;10316
10314;10315
10314;10316
10315;10316
10343;10349
10343;10347
10343;10345
10343;10344
10343;10348
10343;10351
10343;10350
10343;10354
10343;10353
10343;10346
10343;10352
10344;10349
10344;10347
10344;10345
10344;10354
10344;10348
10344;10351
10344;10350
10344;10353
10344;10346
10344;10352
10345;10349
10345;10347
10345;10354
10345;10348
10345;10351
10345;10350
10345;10353
10345;10346
10345;10352
10346;10349
10346;10347
10346;10348
10346;10351
10346;10350
10346;10354
10346;10353
10346;10352
10347;10349
10347;10348
10347;10351
10347;10350
10347;10354
10347;10353
10347;10352
10348;10349
10348;10354
10348;10351
10348;10350
10348;10353
10348;10352
10349;10351
10349;10350
10349;10354
10349;10353
10349;10352
10350;10351
10350;10354
10350;10353
10350;10352
10351;10354
10351;10353
10351;10352
10352;10354
10352;10353
10353;10354
10438;10439
10438;10440
10439;10440
10453;14304
10453;13567
13567;14304
10483;10484
10483;10485
10483;10486
10484;10485
10484;10486
10485;10486
14462;14463
10641;10642
10641;10644
10641;10643
10641;10645
10641;10646
10642;10644
10642;10643
10642;10645
10642;10646
10643;10644
10643;10645
10643;10646
10644;10645
10644;10646
10645;10646
10869;10870
10941;10942
10962;10965
10962;10964
10962;10963
10963;10965
10963;10964
10964;10965
10997;11001
10997;10999
10997;10998
10997;11000
10997;11002
10997;11003
10998;11001
10998;10999
10998;11000
10998;11002
10998;11003
10999;11001
10999;11000
10999;11002
10999;11003
11000;11001
11000;11002
11000;11003
11001;11002
11001;11003
11002;11003
11198;11199
11393;11396
11393;11395
11393;11394
11394;11396
11394;11395
11395;11396
11523;11525
11523;11524
11524;11525
11552;11553
11552;11555
11552;11554
11554;11555
11686;11687
11686;11688
11687;11688
11694;11695
11694;11697
11694;11698
11694;11696
11695;11698
11695;11697
11695;11696
11696;11698
11696;11697
11697;11698
11891;11896
11891;11894
11891;11892
11891;11893
11891;11895
11892;11896
11892;11894
11892;11893
11892;11895
11893;11896
11893;11894
11893;11895
11894;11896
11894;11895
11895;11896
12005;12007
12005;12006
12006;12007
12038;12039
12042;12046
12042;12045
12042;12043
12042;12044
12043;12044
12043;12045
12043;12046
12044;12046
12044;12045
12045;12046
12057;12058
12749;12750
12749;12751
14289;14290
12105;12106
12247;12753
12577;12772
12772;13935
12644;12680
12644;14154
13038;14367
13774;13775
13812;14071
13812;14072
14071;14072
14263;14264
14263;14266
14263;14265
14264;14265
14264;14266
14265;14266
14277;14278
14301;14302
14308;14309
14308;14376
14309;14376
14310;14311
14334;14464
14334;14465
14464;14465
14339;14340
14342;14345
14342;14344
14342;14343
14343;14345
14343;14344
14344;14345
14346;14387
14346;14347
14353;14354
14353;14355
14354;14355
14360;14361
14406;14407
14438;14439
14438;14440
14439;14440
14468;14469
