14;1399
14;632
14;4951
14;1535
632;4951
632;1399
632;10985
632;1535
1399;4951
1399;1535
1535;4951
1535;1729
1535;1728
1535;1536
1535;10985
1535;1537
36;3464
36;1746
36;38
38;3464
38;1746
37;730
37;745
730;745
54;1383
54;217
54;1384
54;218
54;1385
217;1383
217;1384
217;218
217;1385
218;1383
218;1384
218;1385
1383;1384
1383;1385
1384;1385
60;1862
60;111
60;62
60;61
60;1861
61;1862
61;111
61;62
61;3782
61;1413
61;1861
62;1862
62;111
62;3782
62;1413
62;1861
111;1862
111;1861
1861;1862
1413;3782
73;153
73;152
152;11753
152;480
152;1175
152;1347
152;12722
152;8473
152;351
152;2992
152;153
153;1175
153;1347
153;8473
153;351
153;2992
88;754
88;5373
754;5373
95;2503
95;553
553;2503
101;102
109;110
109;12168
109;12167
110;337
110;12110
110;14485
110;13067
12167;12168
13067;14485
115;117
115;116
116;117
151;1175
151;2992
151;153
151;152
351;1347
480;8473
11753;12722
159;1414
159;12682
159;506
506;1414
506;12682
1414;12682
169;5489
201;3869
241;1624
241;11021
1624;11021
257;259
257;3311
259;3311
263;5015
263;5014
263;3538
263;5013
263;1918
263;3539
263;5012
3538;5015
3538;5014
3538;5013
3538;3539
3538;5012
5012;5015
5012;5014
5012;5013
5013;5015
5013;5014
5014;5015
287;3955
287;3952
287;3954
287;3953
287;3951
3951;3955
3951;8215
3951;3952
3951;3954
3951;3953
3951;8216
3951;12010
3952;3955
3952;3954
3952;3953
3953;3955
3953;3954
3954;3955
3955;8214
3955;8215
3955;8216
3955;12010
3955;12011
342;343
342;344
343;344
344;3278
344;7931
344;4915
344;7936
3278;4915
3278;7936
3278;7931
4915;7936
4915;7931
7931;7936
395;1537
395;1728
395;1535
395;1729
1537;1729
1537;1728
1728;1729
411;9363
411;9361
411;9362
9361;9363
9361;9362
9362;9363
455;4976
457;458
457;5691
458;5691
479;591
479;9596
479;1425
479;729
479;6551
479;7943
479;804
591;5825
591;9596
591;5826
591;1425
591;729
591;592
591;6551
591;4093
591;4094
591;4095
591;4096
591;7943
591;804
729;5004
729;9596
729;1425
729;1318
729;6551
729;7943
729;804
804;9596
804;1425
804;6551
804;7943
1425;9596
1425;6551
1425;7943
6551;9596
6551;7943
7943;9596
498;500
498;499
499;500
508;4057
514;5364
519;520
519;521
520;521
577;13721
577;13719
577;13720
13719;13721
13719;13720
13720;13721
592;4093
592;4095
592;4094
592;4096
592;635
592;7784
592;7785
4093;5825
4093;5826
4093;4094
4093;4095
4093;4096
4094;4095
4094;4096
4095;4096
5825;5826
635;7785
635;7784
7784;7785
594;596
594;595
595;6640
595;596
599;1014
599;13724
1014;13724
623;7591
631;633
631;634
633;634
647;648
647;649
648;649
723;8775
723;7766
723;724
723;7765
723;725
724;725
7765;7766
1318;5004
782;8424
782;1499
782;2121
1499;8424
1499;2121
2121;9545
2121;9547
2121;11206
2121;9546
2121;8424
2121;3228
2121;9548
798;799
798;1874
798;1873
799;1874
799;1696
799;3167
799;1697
799;8409
799;13739
799;1873
1873;1874
1696;7786
1696;8928
1696;8020
1696;3167
1696;9711
1696;1697
1697;3167
806;10950
808;3964
808;3963
3963;3964
837;1424
837;1345
837;5597
837;5596
837;838
1345;5597
1345;5596
5596;5597
842;3062
913;5300
913;9821
5300;9821
928;7253
1045;3632
1045;3633
3632;3633
1060;3015
1108;4683
1108;5971
4683;5971
1212;1595
1356;1876
1356;3568
1356;3569
1356;5003
1876;3568
1876;3569
1876;5003
3568;3569
3568;5003
3569;5003
1389;1390
1389;6571
1390;6571
1407;2244
1410;1411
1411;1877
1411;6667
1877;6667
1428;1429
1428;1430
1429;1430
1456;13147
13147;13148
1536;1537
1555;1557
1555;1556
1556;1557
1596;1597
1596;3955
1596;1598
1596;8214
1596;8215
1596;8216
1597;1598
8214;8216
8214;8215
8215;8216
8215;12010
8215;12011
8216;12010
8216;12011
1682;4467
1682;1683
1683;4467
1763;3806
1763;5485
1763;1764
1763;5487
1763;1765
1764;1765
1765;3806
1765;5485
1765;5487
3806;5487
3806;5485
5485;5487
1787;1789
1787;1788
1788;1789
1789;13783
1789;13784
13783;13784
1820;1821
1820;11114
1821;13731
1821;11114
1832;1833
1936;1938
1936;1937
1937;1938
1945;6564
1945;6563
1945;8562
1945;8561
6563;6564
6563;8562
6563;8561
6564;8562
6564;8561
8561;8562
1967;5160
1975;1977
1975;1976
1976;1977
1989;1991
1989;1990
1990;1991
2007;6696
2007;6695
6695;6696
2019;2023
2019;2022
2022;2023
9545;11206
9545;9547
9545;9546
9545;9548
9546;11206
9546;9547
9546;9548
9547;11206
9547;9548
9548;11206
2184;2185
2185;4122
2185;13714
2185;4121
2185;3669
2185;6382
3669;5071
3669;11851
3669;4122
3669;4121
3669;5459
3669;5865
4121;4122
6382;11041
2216;6656
2216;6569
6569;6570
6569;6656
2250;13725
2250;13726
13725;13730
13725;13728
13725;13726
2283;8382
2283;8381
8381;8382
2334;2904
2334;4064
2334;3194
2904;3194
2370;2372
2370;2371
2370;2373
2371;2372
2371;2373
2372;2373
2401;2402
2401;2403
2402;2403
2407;2408
2418;2419
2418;4861
2418;4860
2418;3998
2419;3998
4860;4861
2421;2422
2440;8969
2440;8967
2440;8970
2440;8968
8967;8969
8967;8970
8967;8968
8968;8969
8968;8970
8969;8970
2441;5642
2441;2442
2441;5641
2441;5640
2441;5643
2442;5642
2442;5641
2442;5640
2442;5643
5640;5642
5640;5641
5640;5643
5641;5642
5641;5643
5642;5643
2507;8092
2507;10284
2507;8090
2507;8089
2507;8091
8089;8092
8089;10284
8089;8090
8089;8091
8090;8092
8090;8091
8091;8092
8091;10284
8092;10284
2585;2586
2724;4610
2724;5052
2724;5051
5051;5052
2757;2758
2814;3146
2814;3326
3146;3326
2856;2857
2929;9524
2929;4986
2929;5286
2929;4993
2929;2931
2929;4992
2929;2930
2930;2931
2930;4986
2931;4986
4986;4987
4992;4993
4992;5286
4993;5286
3036;5094
3036;5093
3036;3037
3037;5094
3037;5093
5093;5094
3161;3163
3161;3162
3162;3163
3207;3208
3208;3500
3262;7821
3305;13768
3308;13761
3308;13796
3308;3309
3308;13800
13761;13796
13761;13800
13761;13801
3447;4781
3447;4780
4780;4781
3488;3490
3488;8595
3488;3489
3489;3490
3574;3575
3620;3621
3668;11851
3668;3669
5071;5459
3672;3675
3672;3673
3672;3674
3673;3674
3673;3675
3674;3675
3706;3708
3706;3707
3707;3708
3708;3713
3708;3715
3708;3880
3708;3986
3708;3881
3708;3709
3708;3712
3708;3879
3709;3715
3712;3986
3712;3713
3712;3881
3713;3986
3879;3880
3723;3724
3723;3725
3724;3725
3752;3754
3752;3753
3753;3754
3756;3757
3756;3759
3756;3758
3757;3759
3757;3758
3758;3759
3776;8539
3864;3865
3936;3942
3936;3939
3936;3937
3936;3940
3936;3938
3936;3941
3937;3942
3937;3939
3937;3940
3937;3938
3937;3941
3938;3942
3938;3939
3938;3940
3938;3941
3939;3942
3939;3940
3939;3941
3940;3942
3940;3941
3941;3942
12010;12011
4039;4040
4039;4041
4040;4041
4047;4049
4047;4048
4048;4049
4084;4085
4112;4314
4112;5467
4112;4113
4112;4313
4113;7750
4113;7686
4313;4314
4313;5467
4314;5467
7686;7808
7686;7750
4167;4168
4168;10121
4168;10120
10120;10121
4183;4184
4183;4185
4184;4185
4196;4197
4196;4198
4197;4199
4197;4198
4198;4199
4328;11824
4410;4415
4410;4414
4410;4412
4410;4411
4410;4413
4411;4415
4411;4414
4411;4412
4411;4413
4412;4415
4412;4414
4412;4413
4413;4415
4413;4414
4414;4415
4474;4475
4474;4476
4475;4476
4671;4673
4671;4672
4672;4673
4710;4711
4715;4716
4776;10831
4776;10833
4776;10832
10831;10833
10831;10832
10832;10833
4826;4827
4864;4865
5069;5070
5078;5079
5078;5080
5079;5080
5232;11557
5232;11558
11557;11558
5237;5238
5430;5431
5678;7475
5818;8733
5818;8732
8732;8733
5829;5830
5830;8540
5884;6284
5884;5885
5885;6284
5892;5894
5892;6288
5892;5893
5893;5894
5893;6288
6047;6048
6252;6253
6473;6474
6474;8293
6474;8292
8292;8293
6521;6522
6521;11645
6521;6523
6522;6523
6522;11645
6562;6564
6562;6563
6565;6566
6568;6570
6568;6569
6654;6655
6691;6692
6804;6805
6804;6806
6805;6806
7020;7025
7020;7023
7020;7022
7020;7021
7020;7024
7021;7025
7021;7023
7021;7022
7021;7024
7022;7025
7022;7023
7022;7024
7023;7025
7023;7024
7024;7025
7137;7138
7202;7203
7343;11980
7408;13748
7552;10029
10029;14487
7619;7620
7619;7621
7619;7622
7620;7621
7620;7622
7621;7622
7808;9526
7808;10967
7793;7795
7793;7794
7794;7795
7939;7940
7939;7941
7940;7941
7946;8045
7946;7948
7946;7947
7947;7948
8068;8069
8118;8119
8159;8160
8174;8175
8234;8236
8234;8235
8235;8236
8320;8322
8320;8321
8321;8322
8362;8363
8430;8431
8430;8432
8431;8432
8442;8443
8442;8444
8443;8444
8746;8747
8746;14487
8746;8748
8746;10029
8747;8748
9093;9094
9166;11090
9166;11089
9166;11091
11089;11090
11089;11091
11090;11091
9329;9330
9790;9791
10092;10094
10092;10093
10093;10094
10164;10166
10164;10165
10165;10166
10268;10269
10493;10496
10493;10495
10493;10494
10494;10496
10494;10495
10495;10496
10624;10626
10624;10625
10625;10626
10975;10976
10975;10977
10975;10979
10975;10978
10976;10979
10976;10977
10976;10978
10977;10979
10977;10978
10978;10979
11269;11271
11269;11270
11270;11271
12000;12002
12000;12001
12001;12002
12021;12022
12289;12290
12450;13716
12450;13329
12450;13715
13329;13716
13329;13715
13715;13716
13696;13697
13696;13698
13697;13698
13711;13712
13717;13718
13728;13730
13728;13729
13729;13730
13732;13733
13734;13735
13736;13738
13736;13737
13737;13738
13760;13761
13790;13791
